"ca" "datosECVmas16.prov" "nomprov" "datosECVmas16.gen" "edad" "nac" "neduc" "sitlab" "ingnorm" "horas" "factorel"
13 28 "Madrid" 2 4 1 2 3 9307.9 0 1659.2
13 28 "Madrid" 1 2 1 3 1 19599.1 34.57 3145.3
13 28 "Madrid" 2 2 1 2 1 21013.3 32.66 3145.3
13 28 "Madrid" 1 4 1 3 3 17596.8 0 3081.1
13 28 "Madrid" 2 3 1 2 3 12491.8 0 3081.1
13 28 "Madrid" 2 4 1 2 3 19250.7 0 2576.6
13 28 "Madrid" 1 3 1 1 3 11849 0 2625.8
13 28 "Madrid" 2 3 1 1 3 6067.7 0 2625.8
13 28 "Madrid" 2 2 1 3 1 14700 29.76 2625.8
13 28 "Madrid" 1 4 1 2 3 15449.1 0 2451.6
13 28 "Madrid" 2 4 1 1 3 1307.7 0 2451.6
13 28 "Madrid" 1 2 1 2 1 7731.3 36.2 5032.8
13 28 "Madrid" 2 2 1 3 1 11085.3 33.08 5032.8
13 28 "Madrid" 1 2 1 3 1 15443.6 31.75 3049.5
13 28 "Madrid" 2 2 1 3 1 10114.7 38.06 3049.5
13 28 "Madrid" 2 2 1 2 3 3525.1 0 5596.8
13 28 "Madrid" 1 2 1 2 1 24884.3 31.55 5596.8
13 28 "Madrid" 2 2 1 3 1 14635.2 36.26 3594.1
13 28 "Madrid" 1 2 1 2 1 15860.3 33.93 3594.1
13 28 "Madrid" 1 2 1 3 1 39969.2 41.66 3469.3
13 28 "Madrid" 2 2 1 3 1 18213.4 36.1 3469.3
13 28 "Madrid" 1 3 1 1 1 24631.8 40.67 6239.8
13 28 "Madrid" 2 3 1 2 1 20522.7 35.36 6239.8
13 28 "Madrid" 2 1 1 3 1 4605.4 32.56 6239.8
13 28 "Madrid" 2 1 1 2 3 9885.4 0 6239.8
13 28 "Madrid" 2 2 1 3 3 11884.2 0 3145.3
13 28 "Madrid" 1 2 1 3 1 11421.4 40.76 3145.3
13 28 "Madrid" 1 3 1 2 1 24016.9 30.48 2761.2
13 28 "Madrid" 2 3 1 2 3 7244.7 0 2761.2
13 28 "Madrid" 1 2 1 2 3 34536.8 0 2761.2
13 28 "Madrid" 2 1 1 3 2 38256.4 0 2761.2
13 28 "Madrid" 1 1 1 2 3 20828.7 0 2761.2
13 28 "Madrid" 1 2 1 3 1 7368.2 35.69 4932
13 28 "Madrid" 2 2 1 3 3 19127 0 4932
13 28 "Madrid" 2 2 1 3 1 13390.8 35 4112.7
13 28 "Madrid" 1 2 1 2 3 12147.6 0 4112.7
13 28 "Madrid" 1 3 1 1 1 4626.4 37.25 2852.7
13 28 "Madrid" 2 3 1 1 1 17460.4 36.79 2852.7
13 28 "Madrid" 1 2 1 2 1 8985.7 32.07 2852.7
13 28 "Madrid" 1 4 1 1 3 13820.5 0 6220.5
13 28 "Madrid" 2 4 1 1 3 20349.7 0 6220.5
13 28 "Madrid" 2 4 1 3 3 11226.4 0 5321.6
13 28 "Madrid" 2 3 1 3 3 25101.8 0 5321.6
13 28 "Madrid" 2 2 1 3 1 26907.9 29.85 6869.8
13 28 "Madrid" 1 2 1 3 1 9418.1 34.42 6869.8
13 28 "Madrid" 2 3 1 2 1 9735.6 34.1 2436.6
13 28 "Madrid" 1 3 1 2 1 17614.2 30.54 2436.6
13 28 "Madrid" 2 1 1 2 2 19581.7 0 2436.6
13 28 "Madrid" 2 1 1 2 1 12170 33.07 2436.6
13 28 "Madrid" 2 3 1 2 1 25264.2 35.17 1782
13 28 "Madrid" 1 2 2 2 1 12578.6 31.05 2894
13 28 "Madrid" 2 2 2 2 1 18425.4 37.92 2894
13 28 "Madrid" 1 3 1 2 1 13255.6 35.02 4532.9
13 28 "Madrid" 2 3 1 2 3 4749.9 0 4532.9
13 28 "Madrid" 1 1 1 2 2 8090 0 4532.9
13 28 "Madrid" 1 1 1 2 1 10330.7 32.37 4532.9
13 28 "Madrid" 2 4 1 3 1 16866.8 34.05 1556.7
13 28 "Madrid" 1 3 1 3 1 23582.5 31.82 1556.7
13 28 "Madrid" 2 1 1 2 3 12814 0 1556.7
13 28 "Madrid" 2 4 1 2 3 10153.5 0 1659.2
13 28 "Madrid" 1 2 1 2 1 9517.7 37.17 9105.7
13 28 "Madrid" 2 2 1 2 1 13854.4 32.6 9105.7
13 28 "Madrid" 1 4 1 1 3 11737.9 0 2515.8
13 28 "Madrid" 2 4 1 1 3 11969.4 0 2515.8
13 28 "Madrid" 1 2 1 2 3 21973.8 0 2770.1
13 28 "Madrid" 2 3 1 2 3 11035.9 0 2770.1
13 28 "Madrid" 1 2 1 2 1 12594.5 32.51 3145.3
13 28 "Madrid" 2 2 1 2 3 12559.7 0 3145.3
13 28 "Madrid" 2 2 1 3 1 13366.7 31.1 6847.4
13 28 "Madrid" 1 3 1 2 1 5773 32.27 2292.5
13 28 "Madrid" 1 2 1 3 1 10977.7 32.7 2719.9
13 28 "Madrid" 2 2 1 3 1 25747 36.87 2719.9
13 28 "Madrid" 1 2 1 3 1 37276.3 35.88 2640.9
13 28 "Madrid" 2 2 1 3 1 33296.3 32.22 2640.9
13 28 "Madrid" 2 4 1 3 3 17225 0 2299.5
13 28 "Madrid" 2 2 1 2 1 10021.8 31.67 3679.7
13 28 "Madrid" 1 4 1 1 3 7613.2 0 3931.3
13 28 "Madrid" 2 4 1 1 3 7864.9 0 3931.3
13 28 "Madrid" 1 3 1 2 1 12722.7 26.6 5476.6
13 28 "Madrid" 2 2 1 2 3 5108.9 0 5476.6
13 28 "Madrid" 2 1 1 2 1 5861.1 38.01 5476.6
13 28 "Madrid" 2 1 1 2 1 16477.2 32.72 5476.6
13 28 "Madrid" 2 3 1 3 1 13291.8 29.95 5319.1
13 28 "Madrid" 1 3 1 2 1 14177.9 31.95 5319.1
13 28 "Madrid" 2 3 1 2 3 13971.3 0 2216.5
13 28 "Madrid" 1 4 1 3 3 15092.6 0 1778.9
13 28 "Madrid" 2 4 1 1 3 18035 0 1778.9
13 28 "Madrid" 1 2 2 2 1 6720 32.52 4307.6
13 28 "Madrid" 2 2 2 1 3 11565.2 0 4307.6
13 28 "Madrid" 2 1 1 3 1 22780 33.44 4307.6
13 28 "Madrid" 1 1 1 2 3 11936.8 0 4307.6
13 28 "Madrid" 1 4 1 2 3 14454.8 0 3613.8
13 28 "Madrid" 1 3 1 2 1 8992.6 33.5 5723.2
13 28 "Madrid" 2 3 1 2 1 11028.4 30.53 5723.2
13 28 "Madrid" 1 1 1 2 1 16222.6 33.94 5723.2
13 28 "Madrid" 1 3 1 2 1 18834.3 31.4 6314.2
13 28 "Madrid" 2 3 1 2 3 26451.5 0 6314.2
13 28 "Madrid" 2 1 1 2 1 11437.5 37.38 6314.2
13 28 "Madrid" 2 4 1 2 3 3655.6 0 6314.2
13 28 "Madrid" 1 2 1 3 1 18176.6 35.4 2885.5
13 28 "Madrid" 2 2 1 3 1 15917.5 26.91 2885.5
13 28 "Madrid" 1 2 1 2 1 36382 33.4 3812.6
13 28 "Madrid" 2 2 1 2 3 10763.8 0 3812.6
13 28 "Madrid" 1 3 1 3 1 33747.5 34.17 2436
13 28 "Madrid" 2 3 1 2 3 20854.1 0 2436
13 28 "Madrid" 2 2 2 1 3 10671.3 0 2436
13 28 "Madrid" 2 1 1 2 3 6343.6 0 2436
13 28 "Madrid" 1 2 1 3 1 20338.9 32.87 1483.8
13 28 "Madrid" 2 2 1 3 1 12022.4 32.61 1483.8
13 28 "Madrid" 2 4 1 3 3 22477.8 0 7996.6
13 28 "Madrid" 1 2 1 3 1 25499.1 34.96 7996.6
13 28 "Madrid" 1 2 1 3 1 15911.9 31.99 9909.5
13 28 "Madrid" 2 2 1 3 1 20033.3 35.89 9909.5
13 28 "Madrid" 1 2 1 1 1 9237.9 41.75 1621.6
13 28 "Madrid" 2 2 1 1 3 745.3 0 1621.6
13 28 "Madrid" 1 1 1 2 3 4514.1 0 1621.6
13 28 "Madrid" 1 1 1 2 3 4646.1 0 1621.6
13 28 "Madrid" 2 4 2 2 3 19012.2 0 1832.4
13 28 "Madrid" 2 4 2 3 3 11464.8 0 2370.7
13 28 "Madrid" 2 4 2 1 3 3690 0 2299.5
13 28 "Madrid" 1 3 1 1 1 8247 37.99 1922.1
13 28 "Madrid" 2 3 1 1 3 9520.6 0 1922.1
13 28 "Madrid" 2 2 1 2 1 22467.7 30.7 3901.9
13 28 "Madrid" 1 2 1 2 1 10192.8 32.22 3901.9
13 28 "Madrid" 1 2 1 3 3 4417.2 0 8288.7
13 28 "Madrid" 2 2 1 3 1 11114 32.94 8288.7
13 28 "Madrid" 1 2 1 2 1 9791.2 32.23 3755.9
13 28 "Madrid" 2 2 1 2 1 13526.8 35.73 3755.9
13 28 "Madrid" 1 3 1 2 1 16151.9 35.32 1986.2
13 28 "Madrid" 2 2 1 2 1 7133.9 31.17 1986.2
13 28 "Madrid" 1 3 1 1 1 9772.5 37.52 2807.1
13 28 "Madrid" 2 3 1 1 1 23468.8 30.7 2807.1
13 28 "Madrid" 1 2 1 2 1 7355.2 35.31 2807.1
13 28 "Madrid" 1 2 1 3 1 20511.2 36.1 6016.8
13 28 "Madrid" 2 2 1 3 3 8356.5 0 6016.8
13 28 "Madrid" 2 4 1 1 3 7601.8 0 2237.1
13 28 "Madrid" 1 4 1 1 3 11656.9 0 2237.1
13 28 "Madrid" 1 3 1 2 3 22836.1 0 3454.8
13 28 "Madrid" 2 3 1 2 3 17433.4 0 3454.8
13 28 "Madrid" 1 2 1 3 1 23318.6 35.07 2645.1
13 28 "Madrid" 2 2 1 3 1 33470.9 37.26 2645.1
13 28 "Madrid" 2 2 1 3 1 30703.7 36.64 215.7
13 28 "Madrid" 1 2 1 3 1 26468.6 37.58 215.7
13 28 "Madrid" 1 4 1 1 3 23191.5 0 3842.9
13 28 "Madrid" 2 4 1 1 3 3170.3 0 3842.9
13 28 "Madrid" 1 2 1 2 1 8647 30.59 3842.9
13 28 "Madrid" 1 3 1 1 1 13945.2 33.65 2880.1
13 28 "Madrid" 2 3 1 1 1 20763.7 36.1 2880.1
13 28 "Madrid" 2 2 1 3 3 18228.5 0 7091.7
13 28 "Madrid" 1 2 1 1 1 16050 31.79 7130.3
13 28 "Madrid" 2 2 1 1 3 14671.2 0 7130.3
13 28 "Madrid" 1 4 1 1 3 10948.1 0 1474.4
13 28 "Madrid" 2 4 1 1 3 5584.7 0 1474.4
13 28 "Madrid" 1 2 1 2 1 8378.3 29.15 7576.5
13 28 "Madrid" 2 2 1 2 1 9986.2 35.71 7576.5
13 28 "Madrid" 1 1 1 2 3 28544.2 0 7576.5
13 28 "Madrid" 2 1 1 2 3 10573.1 0 7576.5
13 28 "Madrid" 2 4 1 2 3 19772.5 0 1659.2
13 28 "Madrid" 1 2 1 2 1 16838.7 39.23 3599.3
13 28 "Madrid" 2 2 1 2 3 22378.1 0 3599.3
13 28 "Madrid" 2 4 1 3 3 8335.2 0 1659.2
13 28 "Madrid" 1 4 1 3 3 24864.4 0 5377.4
13 28 "Madrid" 2 3 1 3 1 19874.5 32.71 5377.4
13 28 "Madrid" 1 2 1 3 3 23570.5 0 5377.4
13 28 "Madrid" 1 2 1 2 3 6983.3 0 5377.4
13 28 "Madrid" 2 2 1 2 1 8693.6 29.69 6309.7
13 28 "Madrid" 1 1 1 2 1 23561 37.56 6309.7
13 28 "Madrid" 2 1 1 2 1 28099.9 34.47 6309.7
13 28 "Madrid" 1 4 1 1 3 12511.7 0 4157.6
13 28 "Madrid" 2 4 1 1 3 13881.8 0 4157.6
13 28 "Madrid" 1 4 1 2 3 13079.4 0 6010.5
13 28 "Madrid" 2 4 1 1 3 13322.3 0 6010.5
13 28 "Madrid" 1 3 2 2 1 17038.1 32.96 6010.5
13 28 "Madrid" 1 3 1 1 2 15760.3 0 2934.9
13 28 "Madrid" 2 3 1 1 3 9795.4 0 2934.9
13 28 "Madrid" 2 4 1 1 3 5583.2 0 2934.9
13 28 "Madrid" 1 3 1 3 1 24041.1 32.92 1719.5
13 28 "Madrid" 2 2 1 3 1 17964.9 37.51 3429.7
13 28 "Madrid" 1 3 1 2 1 9817.2 30.34 3429.7
13 28 "Madrid" 2 4 1 1 3 20479.2 0 3429.7
13 28 "Madrid" 1 3 1 2 1 13040.1 32.78 2368.6
13 28 "Madrid" 2 3 1 2 3 11632.1 0 2368.6
13 28 "Madrid" 2 1 1 3 1 8452 37.65 2368.6
13 28 "Madrid" 2 2 1 3 1 20295 33.2 2409.6
13 28 "Madrid" 1 2 1 2 1 8027.5 33.11 5013.9
13 28 "Madrid" 2 2 1 2 1 9401.5 28.96 5013.9
13 28 "Madrid" 1 2 1 1 1 8622.3 30.01 2009.9
13 28 "Madrid" 2 2 1 1 3 3792 0 2009.9
13 28 "Madrid" 1 1 1 1 1 15790 36.53 2009.9
13 28 "Madrid" 2 1 1 1 3 6347.5 0 2009.9
13 28 "Madrid" 1 2 1 2 1 19996.9 37.2 4195.8
13 28 "Madrid" 2 2 1 2 1 24607.7 32.16 4195.8
13 28 "Madrid" 1 4 1 1 3 8012.4 0 1778.9
13 28 "Madrid" 2 4 1 1 3 2971.1 0 1778.9
13 28 "Madrid" 1 4 1 1 3 14792.6 0 3299.8
13 28 "Madrid" 2 3 1 1 3 13583.5 0 3299.8
13 28 "Madrid" 2 3 1 3 3 17567.2 0 710.6
13 28 "Madrid" 2 2 1 3 3 9031.9 0 2064.6
13 28 "Madrid" 1 2 1 3 1 5217.6 37.03 2064.6
13 28 "Madrid" 1 2 1 2 1 11085.9 34.44 2727.7
13 28 "Madrid" 2 2 1 2 1 8225.5 39.99 2727.7
13 28 "Madrid" 1 1 1 2 3 36518.7 0 2727.7
13 28 "Madrid" 1 3 1 3 1 16743.3 37.31 4447.4
13 28 "Madrid" 2 3 1 3 3 38739.9 0 4447.4
13 28 "Madrid" 1 1 1 2 3 6643.5 0 4447.4
13 28 "Madrid" 2 3 1 3 3 10331.2 0 5339.2
13 28 "Madrid" 1 3 1 3 1 16756.3 38.51 5339.2
13 28 "Madrid" 1 2 1 3 1 18096.1 31.62 5339.2
13 28 "Madrid" 1 2 1 2 1 18461.6 37.77 6233.9
13 28 "Madrid" 2 2 1 3 1 25012.1 34.31 6233.9
13 28 "Madrid" 1 2 1 2 1 19391.4 32.53 3273.8
13 28 "Madrid" 2 2 1 3 1 12095.1 34.76 3273.8
13 28 "Madrid" 1 3 1 1 1 10621.2 32.93 6122.5
13 28 "Madrid" 2 2 1 1 3 8206.3 0 6122.5
13 28 "Madrid" 1 2 1 1 2 18083.8 0 6122.5
13 28 "Madrid" 1 3 1 3 3 21529.1 0 1307.4
13 28 "Madrid" 2 3 1 3 1 18752.7 30.36 1307.4
13 28 "Madrid" 1 2 1 3 1 7343.4 28.99 4636.4
13 28 "Madrid" 2 2 1 2 3 9553.9 0 4636.4
13 28 "Madrid" 2 4 1 1 3 9893.9 0 4347.3
13 28 "Madrid" 1 3 1 3 1 16427.4 24.95 2688.3
13 28 "Madrid" 2 2 1 3 1 14463.5 33.93 2688.3
13 28 "Madrid" 2 1 1 3 3 21488.6 0 2688.3
13 28 "Madrid" 1 3 1 2 3 7862.7 0 5776.3
13 28 "Madrid" 2 3 1 1 3 9077 0 5776.3
13 28 "Madrid" 2 2 1 3 1 4854.2 37.68 5776.3
13 28 "Madrid" 2 2 1 3 1 10299.1 33.09 5776.3
13 28 "Madrid" 2 4 1 1 3 5021.4 0 3982.1
13 28 "Madrid" 1 1 1 2 3 9838 0 3982.1
13 28 "Madrid" 1 2 1 2 1 4876.2 33.92 4955.8
13 28 "Madrid" 2 2 1 2 1 15888.6 33.3 4955.8
13 28 "Madrid" 2 1 1 2 3 7197 0 4955.8
13 28 "Madrid" 1 2 2 3 1 20436.2 31.44 4032.4
13 28 "Madrid" 2 2 2 3 3 17728.7 0 4032.4
13 28 "Madrid" 1 3 1 2 1 13500.2 35.64 2853.8
13 28 "Madrid" 2 2 1 2 1 10997.9 34.59 2853.8
13 28 "Madrid" 1 1 1 2 3 19851.4 0 2853.8
13 28 "Madrid" 1 3 1 1 1 117 32.47 1869.5
13 28 "Madrid" 2 3 1 2 3 9920.9 0 1869.5
13 28 "Madrid" 2 2 1 3 1 17150.9 36.47 1869.5
13 28 "Madrid" 2 2 1 2 1 23120.4 27.48 1869.5
13 28 "Madrid" 1 1 1 2 1 6715.8 32.53 1869.5
13 28 "Madrid" 2 4 1 2 3 8561.9 0 8095.1
13 28 "Madrid" 1 4 1 2 3 6544.4 0 8095.1
13 28 "Madrid" 1 2 1 3 1 37018.6 31.9 8095.1
13 28 "Madrid" 1 2 1 2 3 14250.8 0 8095.1
13 28 "Madrid" 1 2 1 1 1 10046 33.61 4862.6
13 28 "Madrid" 2 2 1 2 3 10452.6 0 4862.6
13 28 "Madrid" 2 1 1 2 1 15295.8 35.6 4862.6
13 28 "Madrid" 1 1 1 2 3 7605.6 0 4862.6
13 28 "Madrid" 1 4 1 1 3 14286.2 0 4157.6
13 28 "Madrid" 2 4 1 1 3 7486.6 0 4157.6
13 28 "Madrid" 1 2 1 3 1 4521.2 30.88 4636.8
13 28 "Madrid" 2 2 1 3 1 3905 28.31 4636.8
13 28 "Madrid" 2 2 1 3 3 29231.2 0 4136.8
13 28 "Madrid" 1 2 1 3 1 12628.5 36.58 4136.8
13 28 "Madrid" 2 4 1 1 3 10442.6 0 2351.5
13 28 "Madrid" 1 2 1 3 1 7963.2 34.33 4647.1
13 28 "Madrid" 2 2 1 3 3 19241.1 0 4647.1
13 28 "Madrid" 1 4 1 2 3 11839.3 0 2970.3
13 28 "Madrid" 2 3 1 1 3 11291.9 0 2970.3
13 28 "Madrid" 2 4 1 1 3 3323.8 0 8394.6
13 28 "Madrid" 1 2 1 2 1 13309.9 36.89 8394.6
13 28 "Madrid" 1 2 1 2 1 7278 40.9 3714.3
13 28 "Madrid" 2 2 1 2 2 10217 0 3714.3
13 28 "Madrid" 2 1 1 2 2 18558.3 0 3714.3
13 28 "Madrid" 1 1 1 2 1 14124.3 34.65 3714.3
13 28 "Madrid" 2 4 1 1 3 18698.8 0 3714.3
13 28 "Madrid" 2 2 1 2 1 9438.8 30.15 2918.8
13 28 "Madrid" 2 4 1 1 3 5721.3 0 2330.1
13 28 "Madrid" 1 4 1 2 3 8711.6 0 2330.1
13 28 "Madrid" 2 2 1 1 3 10294.2 0 2330.1
13 28 "Madrid" 2 3 1 2 1 15768.5 34.53 5380.6
13 28 "Madrid" 2 4 1 1 3 5297 0 5483
13 28 "Madrid" 1 3 1 2 1 21439.3 30 5483
13 28 "Madrid" 1 2 1 2 2 11583.5 0 5483
13 28 "Madrid" 1 4 1 2 3 4790.7 0 1590.2
13 28 "Madrid" 2 2 1 3 1 12037.8 30.65 4104.6
13 28 "Madrid" 1 2 1 3 1 24354.6 36.73 2676.6
13 28 "Madrid" 2 2 1 3 1 20495.6 31.09 2676.6
13 28 "Madrid" 1 3 1 3 1 18875.4 34.38 5770
13 28 "Madrid" 2 3 1 2 3 17955.1 0 5770
13 28 "Madrid" 2 1 1 3 1 15354.7 41.85 5770
13 28 "Madrid" 1 1 1 2 3 3547.9 0 5770
13 28 "Madrid" 1 2 1 2 1 11243.3 32.88 6439.4
13 28 "Madrid" 2 2 1 2 1 21986.5 26 6439.4
13 28 "Madrid" 2 3 1 2 3 21010.4 0 1552.7
13 28 "Madrid" 1 3 1 1 1 9744.9 34.99 4448.3
13 28 "Madrid" 2 3 1 1 3 10175.8 0 4448.3
13 28 "Madrid" 1 2 1 3 1 24318.4 33.56 4448.3
13 28 "Madrid" 1 2 1 3 1 17732.3 33.65 3643.9
13 28 "Madrid" 2 2 1 2 1 9050.1 33.16 3643.9
13 28 "Madrid" 1 4 1 1 3 10486.8 0 4258.3
13 28 "Madrid" 2 4 1 1 3 8157.4 0 4258.3
13 28 "Madrid" 2 2 1 2 1 14780.8 36.22 4258.3
13 28 "Madrid" 1 3 1 2 1 16600.2 32.09 2635.5
13 28 "Madrid" 2 3 1 3 2 18018.9 0 2635.5
13 28 "Madrid" 2 2 1 3 1 28406.5 28.49 2635.5
13 28 "Madrid" 1 1 1 3 3 19764.1 0 2635.5
13 28 "Madrid" 1 2 1 2 1 16988.3 30.18 8221.5
13 28 "Madrid" 1 2 1 3 1 47027.1 33.13 5817.9
13 28 "Madrid" 2 2 1 3 3 9673.3 0 5817.9
13 28 "Madrid" 1 4 1 3 3 15470.5 0 3180.4
13 28 "Madrid" 2 3 1 2 3 3280.5 0 3180.4
13 28 "Madrid" 1 4 1 3 3 2139.5 0 2663.7
13 28 "Madrid" 2 3 1 1 3 13747.4 0 2663.7
13 28 "Madrid" 1 2 1 3 1 35701.3 34.6 6716
13 28 "Madrid" 2 2 1 3 1 6454.4 37.41 6716
13 28 "Madrid" 2 3 1 2 1 27225.6 29.71 3304.2
13 28 "Madrid" 2 2 1 3 1 40568.6 40.21 3304.2
13 28 "Madrid" 2 4 1 2 3 4121.3 0 3593.9
13 28 "Madrid" 2 2 1 3 1 13891.2 35.41 3593.9
13 28 "Madrid" 2 3 1 2 2 4764.7 0 3593.9
13 28 "Madrid" 1 3 1 1 1 10819.9 38.9 4497.6
13 28 "Madrid" 2 3 1 1 3 7160.3 0 4497.6
13 28 "Madrid" 2 2 1 3 1 31307.8 32.47 4497.6
13 28 "Madrid" 1 2 1 3 1 30704.2 31.4 4497.6
13 28 "Madrid" 1 3 1 1 1 10078.1 32.97 2390.6
13 28 "Madrid" 2 2 1 2 1 3940.4 29.88 2390.6
13 28 "Madrid" 2 4 2 1 3 7115.3 0 5626.2
13 28 "Madrid" 2 2 2 2 1 12436.6 28.58 2137.8
13 28 "Madrid" 1 3 1 2 3 29364.2 0 2137.8
13 28 "Madrid" 2 3 1 1 3 11199.4 0 846.5
13 28 "Madrid" 2 2 1 3 1 15413.5 35.42 5190
13 28 "Madrid" 2 2 2 2 1 20526.2 33.12 3458.9
13 28 "Madrid" 1 2 2 3 1 9441.3 34.66 3458.9
13 28 "Madrid" 1 4 1 2 1 17544.8 31.78 3180.4
13 28 "Madrid" 2 3 1 2 3 6468.8 0 3180.4
13 28 "Madrid" 2 2 1 3 1 12141.9 35.93 5185.4
13 28 "Madrid" 1 2 1 3 1 12174.5 37.17 5185.4
13 28 "Madrid" 1 3 1 2 1 9340.9 34.74 1995.6
13 28 "Madrid" 1 4 2 1 3 10372.3 0 2515.8
13 28 "Madrid" 2 4 2 1 3 3159.2 0 2515.8
13 28 "Madrid" 2 2 1 3 1 27454.7 35.57 5190
13 28 "Madrid" 1 4 1 3 3 18786.3 0 2477.9
13 28 "Madrid" 2 1 1 2 3 7888.1 0 2477.9
13 28 "Madrid" 1 2 1 3 1 29411.1 32.4 3361.7
13 28 "Madrid" 2 4 1 1 3 3653.5 0 3361.7
13 28 "Madrid" 1 4 1 2 3 7923.9 0 3449.6
13 28 "Madrid" 2 4 1 2 3 4264.6 0 3449.6
13 28 "Madrid" 2 4 1 2 3 3841.5 0 5653.8
13 28 "Madrid" 2 2 1 2 3 8061.9 0 3851.6
13 28 "Madrid" 1 2 1 2 1 12532.1 33.67 3851.6
13 28 "Madrid" 2 4 2 1 3 3940.8 0 4186.2
13 28 "Madrid" 2 2 2 1 1 16414.1 33.3 10281.4
13 28 "Madrid" 1 2 2 3 1 5052 38.6 10281.4
13 28 "Madrid" 1 2 2 3 1 30015.2 35.73 1924.9
13 28 "Madrid" 2 2 2 3 1 9635.5 32.78 1924.9
13 28 "Madrid" 1 2 2 3 1 27292.2 30.18 2504.2
13 28 "Madrid" 2 2 2 3 1 15270.4 33.07 2504.2
13 28 "Madrid" 2 4 2 3 3 27569.6 0 1659.2
13 28 "Madrid" 1 3 1 1 2 16800.1 0 2497.7
13 28 "Madrid" 2 3 1 1 3 31106 0 2497.7
13 28 "Madrid" 1 1 1 2 2 9552 0 2497.7
13 28 "Madrid" 1 2 1 2 1 2439.6 31.59 1093.9
13 28 "Madrid" 2 2 1 2 3 6709.7 0 1093.9
13 28 "Madrid" 1 2 1 1 1 2824.4 33 4195.9
13 28 "Madrid" 2 2 1 2 1 4847.2 37.8 4195.9
13 28 "Madrid" 2 2 1 3 1 10164.7 33.02 2522.3
13 28 "Madrid" 1 1 1 2 3 4600.6 0 2522.3
13 28 "Madrid" 1 3 1 1 1 7601.2 29.35 3281.2
13 28 "Madrid" 2 2 1 2 1 11413.8 34.84 3281.2
13 28 "Madrid" 1 1 1 2 1 27573.6 36.59 3281.2
13 28 "Madrid" 1 1 1 2 3 9029.8 0 3281.2
13 28 "Madrid" 2 4 1 1 3 5194.3 0 2576.6
13 28 "Madrid" 2 3 1 1 3 9208.1 0 3003.1
13 28 "Madrid" 1 3 1 2 1 11602.4 40.13 3003.1
13 28 "Madrid" 1 1 1 2 1 7071.8 33.48 3003.1
13 28 "Madrid" 1 2 1 3 1 42639.8 33.64 2392.2
13 28 "Madrid" 2 2 1 3 1 11698.9 35.13 6288.9
13 28 "Madrid" 1 2 1 3 1 13370.9 33.65 6288.9
13 28 "Madrid" 2 2 1 3 1 16946.6 36.53 4958.1
13 28 "Madrid" 2 4 1 1 3 17046.6 0 4584
13 28 "Madrid" 1 4 1 1 3 20026.8 0 2451.6
13 28 "Madrid" 2 4 1 1 3 1244.1 0 2451.6
13 28 "Madrid" 2 3 1 2 3 17022 0 1149.5
13 28 "Madrid" 1 3 1 1 1 7639.1 34.69 4810.3
13 28 "Madrid" 2 3 1 1 1 9289.4 30.43 4810.3
13 28 "Madrid" 1 2 1 2 1 3898.2 35.65 4810.3
13 28 "Madrid" 1 2 1 2 1 7570.6 34.12 4810.3
13 28 "Madrid" 1 2 1 2 1 7151.8 34.22 4136.8
13 28 "Madrid" 1 4 1 1 3 6680.1 0 399.1
13 28 "Madrid" 2 3 1 1 3 9750.7 0 399.1
13 28 "Madrid" 1 2 1 2 1 13765 31.37 2492.2
13 28 "Madrid" 2 2 1 2 1 14647.3 34.7 2492.2
13 28 "Madrid" 1 2 1 2 1 15149.9 29.19 3186.1
13 28 "Madrid" 2 2 1 2 3 3026.3 0 3186.1
13 28 "Madrid" 1 3 1 3 3 11400.7 0 5688
13 28 "Madrid" 2 3 1 3 3 15324.6 0 5688
13 28 "Madrid" 2 2 1 3 1 10103.7 32.94 5688
13 28 "Madrid" 2 2 1 3 1 6363.9 36.3 5688
13 28 "Madrid" 1 2 1 2 3 13155.9 0 4192.7
13 28 "Madrid" 2 2 1 2 1 14045.8 31.38 4192.7
13 28 "Madrid" 2 1 1 2 1 12906.5 32.01 4192.7
13 28 "Madrid" 1 4 1 2 3 13962.9 0 4759
13 28 "Madrid" 2 4 1 2 3 6707.7 0 4759
13 28 "Madrid" 2 3 1 2 3 12142 0 1435
13 28 "Madrid" 1 2 1 2 1 14703.9 35.24 1435
13 28 "Madrid" 1 3 1 1 3 10025.5 0 2295.2
13 28 "Madrid" 2 3 1 2 3 8746.4 0 2295.2
13 28 "Madrid" 2 3 1 2 1 12521.7 32.28 2883.4
13 28 "Madrid" 1 3 1 3 1 14250.6 35.5 2883.4
13 28 "Madrid" 2 1 1 2 3 5005.4 0 2883.4
13 28 "Madrid" 1 4 1 1 3 13581.5 0 2408.8
13 28 "Madrid" 2 2 1 3 1 9188.2 31.4 12003.6
13 28 "Madrid" 2 3 1 1 3 7463.7 0 3470.4
13 28 "Madrid" 1 3 1 3 1 25183.9 34.48 2297.1
13 28 "Madrid" 2 3 1 2 3 12197.9 0 2297.1
13 28 "Madrid" 2 1 1 2 3 9323.3 0 2297.1
13 28 "Madrid" 1 3 1 3 3 10893.5 0 3215.6
13 28 "Madrid" 2 3 1 3 1 32255.1 26.88 3215.6
13 28 "Madrid" 1 1 1 2 3 6016.4 0 3215.6
13 28 "Madrid" 2 3 1 1 3 17195.6 0 4144
13 28 "Madrid" 1 2 1 3 3 6210.2 0 4144
13 28 "Madrid" 1 1 2 2 1 29458.8 35.68 4144
13 28 "Madrid" 2 3 2 2 3 11163.2 0 7840.1
13 28 "Madrid" 1 4 1 1 3 6098.7 0 3842.9
13 28 "Madrid" 2 4 1 2 3 3447.1 0 3842.9
13 28 "Madrid" 1 2 1 1 3 1991.9 0 3842.9
13 28 "Madrid" 1 4 1 2 3 6021.6 0 2278.9
13 28 "Madrid" 2 3 1 1 3 10873.2 0 2278.9
13 28 "Madrid" 1 2 1 2 1 10437 35.96 2278.9
13 28 "Madrid" 1 2 1 2 3 9161.4 0 2278.9
13 28 "Madrid" 2 2 1 2 1 19327.1 31.17 2278.9
13 28 "Madrid" 1 2 1 2 3 3850.3 0 2742.5
13 28 "Madrid" 2 2 1 2 1 22646.8 37.14 2742.5
13 28 "Madrid" 1 1 1 1 3 2801.2 0 2742.5
13 28 "Madrid" 1 2 1 3 1 25440.9 28.16 2419.2
13 28 "Madrid" 2 2 1 2 1 27574 35.59 2419.2
13 28 "Madrid" 2 1 1 3 1 13712.8 32.42 996
13 28 "Madrid" 1 4 1 1 3 12105.6 0 878.1
13 28 "Madrid" 1 2 1 3 1 30015.1 36.36 4904.8
13 28 "Madrid" 2 2 1 3 1 13977.2 36.4 4904.8
13 28 "Madrid" 1 2 1 2 1 8866.9 32.46 3662.9
13 28 "Madrid" 2 2 1 2 1 15255.3 37.63 3662.9
13 28 "Madrid" 1 4 1 2 3 10303.4 0 2618.4
13 28 "Madrid" 2 4 1 1 3 8063 0 2618.4
13 28 "Madrid" 1 4 1 1 3 14504.8 0 3449.6
13 28 "Madrid" 2 4 1 1 3 6720.5 0 3449.6
13 28 "Madrid" 1 2 1 2 1 7541.6 34.92 3779.3
13 28 "Madrid" 2 2 1 3 3 5691.8 0 3779.3
13 28 "Madrid" 2 3 1 2 1 14004.9 36.62 1402.9
13 28 "Madrid" 2 2 1 2 1 5458.4 35.78 1402.9
13 28 "Madrid" 2 3 1 2 1 6045.2 39.05 1446.6
13 28 "Madrid" 2 1 1 2 1 7627 36.02 1446.6
13 28 "Madrid" 1 4 1 2 3 3717.6 0 3361.4
13 28 "Madrid" 2 4 2 2 3 5947.9 0 3361.4
13 28 "Madrid" 2 2 1 2 3 19869.2 0 3361.4
13 28 "Madrid" 1 4 1 3 3 9701 0 2501.3
13 28 "Madrid" 2 4 1 1 3 10680.4 0 2501.3
13 28 "Madrid" 1 2 1 1 3 7819.8 0 2501.3
13 28 "Madrid" 1 4 1 1 3 12450.7 0 1590.2
13 28 "Madrid" 1 4 1 3 3 26004.8 0 1778.9
13 28 "Madrid" 2 4 1 3 3 11846 0 1778.9
13 28 "Madrid" 1 2 1 3 1 10418.4 35.71 7576.5
13 28 "Madrid" 2 2 1 2 1 10432.8 36.97 7576.5
13 28 "Madrid" 1 1 1 2 1 8382.6 30.27 7576.5
13 28 "Madrid" 2 1 1 2 3 8456.5 0 7576.5
13 28 "Madrid" 2 4 1 1 3 10714.2 0 2576.6
13 28 "Madrid" 1 3 1 1 1 27778.4 40.56 2914.2
13 28 "Madrid" 2 3 1 1 3 13627.7 0 2914.2
13 28 "Madrid" 2 2 1 3 1 13678.6 35.72 2914.2
13 28 "Madrid" 2 1 1 2 1 11614.7 30.63 2914.2
13 28 "Madrid" 1 1 1 2 1 16099.7 34.25 2914.2
13 28 "Madrid" 1 2 1 2 1 35414.9 36.8 3106.8
13 28 "Madrid" 2 2 1 3 1 7972.9 32.18 3106.8
13 28 "Madrid" 1 3 1 2 1 17195.4 36.51 3153.9
13 28 "Madrid" 2 3 1 1 1 14283.5 33.87 3153.9
13 28 "Madrid" 1 2 1 2 1 15527.8 31.64 3153.9
13 28 "Madrid" 1 2 1 1 1 14920.1 32.3 4108.7
13 28 "Madrid" 2 2 1 2 3 8847.3 0 4108.7
13 28 "Madrid" 1 1 1 2 3 16771.5 0 4108.7
13 28 "Madrid" 1 3 1 3 1 15440.9 32.22 2161.2
13 28 "Madrid" 2 3 1 2 3 13167.9 0 2161.2
13 28 "Madrid" 1 3 1 1 1 7144.2 34.44 2485.9
13 28 "Madrid" 2 3 1 1 3 13919.1 0 2485.9
13 28 "Madrid" 2 3 1 1 1 5049.3 29.58 1418.1
13 28 "Madrid" 2 2 1 2 1 13184.1 33.98 3517.1
13 28 "Madrid" 1 2 1 3 1 28296.8 31.86 3517.1
13 28 "Madrid" 1 4 1 3 3 21303.8 0 1435
13 28 "Madrid" 2 3 1 3 1 22887.2 35.36 1435
13 28 "Madrid" 1 3 1 1 3 10881 0 3359.9
13 28 "Madrid" 2 3 1 1 3 4413.9 0 3359.9
13 28 "Madrid" 1 2 1 1 3 9150.2 0 3359.9
13 28 "Madrid" 2 2 1 2 1 6302.8 34.75 3359.9
13 28 "Madrid" 2 1 1 3 1 28280.5 36.54 3359.9
13 28 "Madrid" 1 2 1 2 1 8432.5 33.27 3021
13 28 "Madrid" 2 2 1 2 1 12324.7 33.22 3021
13 28 "Madrid" 2 3 1 1 1 7254.4 33.04 3021
13 28 "Madrid" 1 2 1 2 2 23420.5 0 3449.4
13 28 "Madrid" 2 2 1 2 1 13044 39.28 3449.4
13 28 "Madrid" 1 1 1 2 3 7653.1 0 3449.4
13 28 "Madrid" 1 2 1 2 1 15769.3 32.72 2418.6
13 28 "Madrid" 2 2 1 2 1 17478.1 33.16 2418.6
13 28 "Madrid" 1 4 1 1 3 9161.2 0 3735
13 28 "Madrid" 2 3 1 1 3 29586.4 0 3735
13 28 "Madrid" 1 2 1 2 1 13180.7 38.79 3735
13 28 "Madrid" 1 2 1 3 1 16015.4 30.28 4649.3
13 28 "Madrid" 2 2 1 3 3 7430.1 0 4649.3
13 28 "Madrid" 1 3 1 1 1 22224.7 33.26 5199
13 28 "Madrid" 2 3 1 1 3 3978.4 0 5199
13 28 "Madrid" 1 2 2 3 1 14246.6 31.88 5199
13 28 "Madrid" 2 1 1 3 1 28970.8 32.31 5199
13 28 "Madrid" 2 2 1 2 1 11622.2 32.45 4684.4
13 28 "Madrid" 1 2 1 2 1 3111.4 37.6 6086.3
13 28 "Madrid" 2 2 2 2 1 12136.7 36.26 6086.3
13 28 "Madrid" 1 2 1 3 2 33636.4 0 7423.2
13 28 "Madrid" 1 3 1 1 1 14751.1 37.18 4144.3
13 28 "Madrid" 2 3 2 1 1 9709.3 35.05 4144.3
13 28 "Madrid" 1 2 1 2 1 17688.3 37.06 1900.1
13 28 "Madrid" 2 2 1 3 1 15508.8 31.81 4144.3
13 28 "Madrid" 2 2 1 2 2 8232.8 0 4144.3
13 28 "Madrid" 2 2 1 2 3 10917.9 0 1900.1
13 28 "Madrid" 1 2 1 2 1 13359.2 34.69 5965.4
13 28 "Madrid" 2 2 1 2 1 5473.3 32.99 5965.4
13 28 "Madrid" 1 1 1 2 1 15551.7 36.82 5965.4
13 28 "Madrid" 2 1 1 2 3 12970.9 0 5965.4
13 28 "Madrid" 2 3 1 1 1 7308.1 36.06 5021
13 28 "Madrid" 1 3 1 2 3 9395.8 0 5151.6
13 28 "Madrid" 2 3 2 3 1 17439.2 39.92 5151.6
13 28 "Madrid" 1 2 1 3 3 5970.9 0 5151.6
13 28 "Madrid" 1 2 1 3 1 45056.9 29.99 3145.3
13 28 "Madrid" 2 2 1 3 1 8889.5 30.08 3145.3
13 28 "Madrid" 1 3 1 1 1 11745.8 31.44 7235.7
13 28 "Madrid" 2 3 1 1 3 4920.6 0 7235.7
13 28 "Madrid" 1 1 1 2 3 8286.6 0 7235.7
13 28 "Madrid" 1 4 1 3 3 14439.6 0 2551.5
13 28 "Madrid" 2 3 1 2 3 9504.1 0 2551.5
13 28 "Madrid" 2 2 1 3 1 16040 32.18 2551.5
13 28 "Madrid" 2 3 1 2 3 8192 0 3334.3
13 28 "Madrid" 1 3 1 1 3 14385.3 0 3334.3
13 28 "Madrid" 2 1 1 2 2 4821.9 0 3334.3
13 28 "Madrid" 2 4 1 1 3 23047.6 0 3334.3
13 28 "Madrid" 2 2 1 3 1 8241 39.41 1507.1
13 28 "Madrid" 1 2 1 3 1 21778.7 30.16 1507.1
13 28 "Madrid" 2 3 1 2 1 13811.7 34.24 3417.4
13 28 "Madrid" 1 2 1 2 1 8145.4 37.1 3417.4
13 28 "Madrid" 1 2 1 2 1 16203.7 33.85 3417.4
13 28 "Madrid" 1 4 1 1 3 15751.7 0 3417.4
13 28 "Madrid" 2 4 2 1 3 9276.8 0 2366.5
13 28 "Madrid" 2 2 1 3 1 37612 37.14 2366.5
13 28 "Madrid" 2 2 1 3 1 15222.3 27.17 2366.5
13 28 "Madrid" 1 1 1 2 3 15294 0 2366.5
13 28 "Madrid" 1 2 1 2 1 9591.5 33.24 5628.6
13 28 "Madrid" 2 2 1 2 1 14209.7 35.71 5628.6
13 28 "Madrid" 2 4 1 1 3 -404 0 3743.9
13 28 "Madrid" 2 2 1 2 1 13163.4 35.4 3743.9
13 28 "Madrid" 2 1 1 2 3 18060.6 0 3743.9
13 28 "Madrid" 2 4 1 1 3 9947.7 0 6411.4
13 28 "Madrid" 2 3 1 2 1 16739.7 33.13 3645.9
13 28 "Madrid" 1 2 1 1 1 9929.1 35.84 3645.9
13 28 "Madrid" 2 1 1 2 1 15631.6 30.98 3645.9
13 28 "Madrid" 1 2 1 3 1 12434.6 35.44 3416.9
13 28 "Madrid" 2 2 1 3 1 27217.3 34.99 3416.9
13 28 "Madrid" 1 2 1 2 1 9710.6 34.45 4327.7
13 28 "Madrid" 2 3 2 1 3 16482.3 0 4327.7
13 28 "Madrid" 1 4 1 1 3 17656 0 4759
13 28 "Madrid" 2 4 1 1 3 10430.8 0 4759
13 28 "Madrid" 1 3 1 2 1 12183.2 32.28 1011.3
13 28 "Madrid" 1 2 1 3 1 21311.1 32.6 2680.5
13 28 "Madrid" 2 2 1 3 3 11638.1 0 2680.5
13 28 "Madrid" 2 2 1 3 1 9213.6 34.44 12003.6
13 28 "Madrid" 2 3 1 2 1 13494.1 37.31 878.8
13 28 "Madrid" 1 2 1 2 1 9401.8 34.49 6782.7
13 28 "Madrid" 2 2 1 2 1 20068.2 33.46 6782.7
13 28 "Madrid" 2 1 1 2 3 11526.7 0 6782.7
13 28 "Madrid" 2 3 1 2 1 8639.7 31.14 5719.9
13 28 "Madrid" 2 3 1 2 1 2822.2 36.52 5719.9
13 28 "Madrid" 2 2 2 2 1 18024.6 32.07 5719.9
13 28 "Madrid" 1 2 1 2 1 15464.4 31.01 3210.4
13 28 "Madrid" 2 2 1 2 1 11594.6 32.03 3210.4
13 28 "Madrid" 1 2 1 3 1 13425.3 33.25 4970.5
13 28 "Madrid" 1 2 1 2 1 14453.8 32.13 3086.6
13 28 "Madrid" 2 2 2 2 3 6714.1 0 3086.6
13 28 "Madrid" 1 4 1 3 3 9049.1 0 2993
13 28 "Madrid" 2 4 2 1 3 19439.3 0 2993
13 28 "Madrid" 1 2 2 3 1 21866.9 35.66 6775
13 28 "Madrid" 2 3 2 1 1 23518.8 33.96 1878.4
13 28 "Madrid" 2 2 2 2 1 10590.4 31.99 1878.4
13 28 "Madrid" 2 2 2 3 1 18736.1 30.27 2552.8
13 28 "Madrid" 1 2 1 3 1 13519.7 26.15 2552.8
13 28 "Madrid" 2 3 1 1 3 2718.8 0 1134
13 28 "Madrid" 1 3 1 1 1 7300.3 38.36 1134
13 28 "Madrid" 1 2 1 2 1 6838 37.58 1134
13 28 "Madrid" 2 4 1 1 3 10717.1 0 5653.8
13 28 "Madrid" 1 2 1 3 1 27205.9 35.3 3376.6
13 28 "Madrid" 2 2 1 3 1 19688.6 37.67 3376.6
13 28 "Madrid" 2 4 1 3 3 10920.4 0 1393.1
13 28 "Madrid" 2 2 1 2 3 6323.4 0 3339.7
13 28 "Madrid" 1 2 2 2 1 11062.7 33.07 3339.7
13 28 "Madrid" 1 1 1 2 1 1111.4 35.83 3339.7
13 28 "Madrid" 1 1 1 2 3 7522.8 0 3339.7
13 28 "Madrid" 1 4 2 1 3 19931.6 0 1778.9
13 28 "Madrid" 2 4 2 1 3 6279.4 0 1778.9
13 28 "Madrid" 1 4 2 1 3 8366.1 0 2334.8
13 28 "Madrid" 2 3 2 3 1 12780.9 30.4 2334.8
13 28 "Madrid" 2 4 1 3 3 24675.8 0 1707.2
13 28 "Madrid" 2 3 1 2 1 18221.2 30.11 1707.2
13 28 "Madrid" 1 4 1 1 3 3147.4 0 2103.5
13 28 "Madrid" 2 4 1 1 3 11677 0 2103.5
13 28 "Madrid" 2 2 1 3 1 10987 31.55 2103.5
13 28 "Madrid" 1 2 1 1 1 11251.3 35.28 4060.4
13 28 "Madrid" 2 2 1 1 1 10673.5 30.97 4060.4
13 28 "Madrid" 1 2 1 3 1 6897.8 32.1 3899.2
13 28 "Madrid" 2 2 1 3 1 9780.2 30.79 3899.2
13 28 "Madrid" 2 4 1 1 3 13627.7 0 2299.5
13 28 "Madrid" 1 2 1 3 1 46612.2 35.43 3667.6
13 28 "Madrid" 2 2 1 3 3 15460.2 0 3667.6
13 28 "Madrid" 2 1 1 2 3 1493.3 0 3667.6
13 28 "Madrid" 1 2 1 2 1 14074.9 40.5 2181.6
13 28 "Madrid" 2 2 1 2 1 7261.2 35.6 2181.6
13 28 "Madrid" 2 2 1 1 3 2290.4 0 1534.1
13 28 "Madrid" 2 1 1 2 1 5581.8 32.93 1534.1
13 28 "Madrid" 2 1 1 2 1 20513.6 35.29 1534.1
13 28 "Madrid" 2 3 1 3 1 20878.4 33.13 1992.6
13 28 "Madrid" 1 3 1 3 1 10103.8 32.21 1992.6
13 28 "Madrid" 2 2 1 3 1 33713.5 34.13 1992.6
13 28 "Madrid" 1 1 1 2 3 16642.9 0 1992.6
13 28 "Madrid" 1 2 1 2 1 7077.6 33.45 2306.8
13 28 "Madrid" 2 2 1 2 3 22416.6 0 2306.8
13 28 "Madrid" 2 3 1 3 1 18655.5 30.49 1507.8
13 28 "Madrid" 1 2 1 2 1 17120.3 37.47 1507.8
13 28 "Madrid" 1 1 1 2 3 8301.3 0 1507.8
13 28 "Madrid" 1 2 1 2 1 9799.6 35.1 1590.6
13 28 "Madrid" 1 4 1 2 3 19245.5 0 1991.5
13 28 "Madrid" 2 3 1 2 3 9825.8 0 1991.5
13 28 "Madrid" 1 3 1 3 1 21166.9 32.62 4107.1
13 28 "Madrid" 2 2 1 3 3 13873.5 0 4107.1
13 28 "Madrid" 1 2 1 1 1 4304.4 30.04 5004.1
13 28 "Madrid" 2 2 1 1 3 12352.5 0 5004.1
13 28 "Madrid" 2 4 1 1 3 10335.5 0 5004.1
13 28 "Madrid" 2 2 1 3 1 17572.5 32.19 6611.6
13 28 "Madrid" 1 2 1 3 1 16400.7 35.35 6611.6
13 28 "Madrid" 1 3 1 1 1 7013.8 33.98 6448.9
13 28 "Madrid" 1 2 1 3 1 18759.9 38.49 642.9
13 28 "Madrid" 2 2 1 2 2 13903.7 0 642.9
13 28 "Madrid" 2 2 1 3 1 12412.3 30.44 2556.9
13 28 "Madrid" 1 2 1 3 1 10612.3 31.97 2556.9
13 28 "Madrid" 1 4 1 1 3 10128.9 0 2080.6
13 28 "Madrid" 2 3 1 1 3 15784 0 2080.6
13 28 "Madrid" 1 2 1 3 1 35549.3 33.5 1545.5
13 28 "Madrid" 2 2 1 3 1 8212.3 27.3 1545.5
13 28 "Madrid" 1 3 1 1 1 4136.6 33.47 1046.3
13 28 "Madrid" 2 3 1 2 1 14998.4 35.1 1046.3
13 28 "Madrid" 1 1 1 2 1 7090 33.32 1046.3
13 28 "Madrid" 2 4 1 1 3 17241.9 0 5164.3
13 28 "Madrid" 1 2 1 2 1 9716 29.75 5164.3
13 28 "Madrid" 1 2 1 2 1 15027 35.35 5164.3
13 28 "Madrid" 2 4 2 1 3 11503.7 0 1254.6
13 28 "Madrid" 1 2 2 3 1 39439.1 34.2 1254.6
13 28 "Madrid" 2 3 1 2 3 10912.4 0 2672.9
13 28 "Madrid" 2 4 1 1 3 11648.3 0 2672.9
13 28 "Madrid" 1 2 1 2 1 31497.4 35.63 1464.2
13 28 "Madrid" 2 2 1 2 3 6687.5 0 1464.2
13 28 "Madrid" 2 4 1 1 3 11215.3 0 4825.8
13 28 "Madrid" 1 3 1 2 1 13775.6 34.34 4999.5
13 28 "Madrid" 2 3 1 1 3 4817.6 0 4999.5
13 28 "Madrid" 1 4 1 1 3 8086.4 0 3762.5
13 28 "Madrid" 2 4 1 1 3 4660 0 3762.5
13 28 "Madrid" 2 2 1 2 3 6034.6 0 1041.5
13 28 "Madrid" 1 2 1 2 1 7657.1 32.42 1041.5
13 28 "Madrid" 1 3 1 1 3 6808.4 0 3155.4
13 28 "Madrid" 2 4 1 1 3 5853.5 0 3155.4
13 28 "Madrid" 1 2 1 1 1 6769.9 35.91 3155.4
13 28 "Madrid" 2 2 1 2 3 4644.1 0 2086.3
13 28 "Madrid" 1 2 1 2 1 4369.6 38.71 2086.3
13 28 "Madrid" 2 1 1 2 2 11721.6 0 2086.3
13 28 "Madrid" 2 4 1 1 3 12734.2 0 4627.8
13 28 "Madrid" 1 2 1 3 1 14127.7 37.34 1934.2
13 28 "Madrid" 1 2 1 2 1 91.8 37.45 2265.7
13 28 "Madrid" 2 2 1 2 3 8985.6 0 2265.7
13 28 "Madrid" 1 1 1 2 3 15645.6 0 2265.7
13 28 "Madrid" 1 1 1 2 3 24552.8 0 2265.7
13 28 "Madrid" 1 3 1 2 1 10685 38.31 1852.6
13 28 "Madrid" 2 2 1 3 1 15356.7 29.78 1852.6
13 28 "Madrid" 2 1 1 2 3 7403.5 0 1852.6
13 28 "Madrid" 2 3 1 3 1 10503.7 36.56 520.7
13 28 "Madrid" 1 2 1 2 1 10035.1 31.04 2336.5
13 28 "Madrid" 2 2 1 2 1 6264.2 35.93 2336.5
13 28 "Madrid" 2 2 1 1 3 3265.8 0 2336.5
13 28 "Madrid" 2 3 1 2 1 4932.5 35.93 1016
13 28 "Madrid" 2 3 1 2 1 17621.9 41.56 12732.9
13 28 "Madrid" 1 3 1 2 1 16530.6 34.42 12732.9
13 28 "Madrid" 1 2 1 2 1 2268.4 30.08 12732.9
13 28 "Madrid" 1 2 1 2 1 23453.7 31.31 12732.9
13 28 "Madrid" 2 4 1 1 3 11942.3 0 12732.9
13 28 "Madrid" 1 2 1 2 1 8146.4 37.73 6177.5
13 28 "Madrid" 2 2 1 1 1 8918.2 32.23 6177.5
13 28 "Madrid" 1 2 1 2 1 6493.3 26.73 6177.5
13 28 "Madrid" 1 4 1 1 3 4051 0 3547.5
13 28 "Madrid" 2 4 1 1 3 10067.5 0 3547.5
13 28 "Madrid" 1 3 1 3 1 16305.5 34.06 8229.9
13 28 "Madrid" 1 4 1 1 3 7132 0 1900.4
13 28 "Madrid" 2 3 1 1 3 7285.3 0 1900.4
13 28 "Madrid" 1 4 1 1 3 4229.7 0 2997.5
13 28 "Madrid" 2 4 1 1 3 19225 0 2997.5
13 28 "Madrid" 2 2 1 3 1 27503 34.46 2997.5
13 28 "Madrid" 1 2 1 3 1 29315.6 36.81 3609.4
13 28 "Madrid" 2 2 1 3 1 25264.7 34.33 3609.4
13 28 "Madrid" 2 1 1 2 3 7813 0 3609.4
13 28 "Madrid" 1 2 1 3 1 24729.1 31.78 1616.3
13 28 "Madrid" 2 2 1 3 1 11836.3 32.87 1616.3
13 28 "Madrid" 1 1 1 2 3 15348.6 0 1616.3
13 28 "Madrid" 1 2 1 3 1 17586.3 34.3 1507.7
13 28 "Madrid" 2 2 1 3 1 6450.8 39.9 608.9
13 28 "Madrid" 1 2 1 2 1 11262.2 34.37 608.9
13 28 "Madrid" 1 2 1 2 1 6311.6 32.81 608.9
13 28 "Madrid" 2 2 1 1 3 4664.6 0 1656.3
13 28 "Madrid" 1 1 1 1 3 10798.8 0 1656.3
13 28 "Madrid" 1 2 1 1 1 14096.6 31.78 1656.3
13 28 "Madrid" 2 4 1 2 3 17841 0 2792
13 28 "Madrid" 1 4 1 2 3 1572 0 5409.3
13 28 "Madrid" 2 3 1 1 3 3708.8 0 5409.3
13 28 "Madrid" 1 2 1 2 1 23940.7 35.47 2161.9
13 28 "Madrid" 2 2 1 2 3 15407.7 0 2161.9
13 28 "Madrid" 2 2 1 3 1 20456.6 36.05 14453.3
13 28 "Madrid" 1 2 1 2 1 16473.9 37.31 14453.3
13 28 "Madrid" 2 2 1 3 1 32773.5 40.06 23097.8
13 28 "Madrid" 1 2 1 2 1 18557 34.45 23097.8
13 28 "Madrid" 2 3 1 1 3 3166.2 0 4128.4
13 28 "Madrid" 1 4 1 1 3 14955 0 1575.3
13 28 "Madrid" 1 2 1 1 1 7565.5 30.12 13865.1
13 28 "Madrid" 2 2 1 1 3 7745.4 0 13865.1
13 28 "Madrid" 1 1 1 2 3 9770 0 13865.1
13 28 "Madrid" 2 2 1 2 1 10763.1 32.09 1133.6
13 28 "Madrid" 1 2 1 3 1 9717.9 36.96 1133.6
13 28 "Madrid" 1 2 1 3 1 15535.4 38.38 2929.3
13 28 "Madrid" 2 2 1 3 1 26997.1 33.22 2929.3
13 28 "Madrid" 1 3 1 3 1 62515.9 32.13 944
13 28 "Madrid" 2 3 1 2 1 20253.7 37.36 944
13 28 "Madrid" 1 3 1 2 3 12631.1 0 7587.2
13 28 "Madrid" 2 3 1 1 3 7823.3 0 7587.2
13 28 "Madrid" 2 2 1 1 3 2538.6 0 7587.2
13 28 "Madrid" 1 2 1 2 1 1277.4 36.06 1924.7
13 28 "Madrid" 2 2 1 2 1 5195.3 32.93 1924.7
13 28 "Madrid" 1 2 1 2 1 3463.1 34.64 1924.7
13 28 "Madrid" 2 3 1 2 3 9161.6 0 441.2
13 28 "Madrid" 2 4 1 1 3 5376.8 0 3448
13 28 "Madrid" 1 3 1 3 1 37099.5 37.54 1401
13 28 "Madrid" 2 3 1 3 1 9202.4 30.81 1401
13 28 "Madrid" 1 2 1 3 1 16768.2 30.85 3670.2
13 28 "Madrid" 1 2 1 3 1 23038.4 29.68 2016.3
13 28 "Madrid" 1 2 1 3 1 26932.7 34.39 3246.1
13 28 "Madrid" 2 2 1 3 1 9562.8 36.34 3246.1
13 28 "Madrid" 1 2 1 3 1 15077.4 42.15 839.2
13 28 "Madrid" 2 2 1 2 3 11729.5 0 839.2
13 28 "Madrid" 2 3 1 2 3 8604.2 0 4098.9
13 28 "Madrid" 2 4 1 1 3 6645.7 0 4098.9
13 28 "Madrid" 2 2 1 2 2 17517.1 0 4098.9
13 28 "Madrid" 2 3 1 2 3 18939.9 0 4141.1
13 28 "Madrid" 1 3 1 1 3 7015.8 0 4141.1
13 28 "Madrid" 2 3 1 2 1 9872.7 39.27 897.6
13 28 "Madrid" 2 3 1 2 1 11436.1 32.84 897.6
13 28 "Madrid" 2 2 1 3 1 22369.4 36.46 897.6
13 28 "Madrid" 2 4 1 1 3 7073.4 0 3430
13 28 "Madrid" 1 4 1 1 3 4370.6 0 3430
13 28 "Madrid" 1 2 1 3 1 14391.4 27.73 729
13 28 "Madrid" 1 3 1 2 1 5633.1 37.36 7965.4
13 28 "Madrid" 1 3 1 1 1 16114.2 29.06 2082
13 28 "Madrid" 2 3 1 1 3 11593.2 0 2082
13 28 "Madrid" 1 2 1 3 1 12153.9 33.98 2082
13 28 "Madrid" 1 4 1 1 3 11602.8 0 1575.3
13 28 "Madrid" 2 4 1 3 3 10989.9 0 4011.6
13 28 "Madrid" 2 3 1 1 3 29232.2 0 4654.2
13 28 "Madrid" 1 4 1 1 3 23277.3 0 4654.2
13 28 "Madrid" 1 2 1 3 1 10229.1 36.19 4654.2
13 28 "Madrid" 1 4 1 1 3 8149.4 0 6830.8
13 28 "Madrid" 2 4 2 1 3 9739.2 0 6830.8
13 28 "Madrid" 1 2 2 2 1 19331.2 31.2 5890.1
13 28 "Madrid" 2 2 2 3 3 10940.9 0 5890.1
13 28 "Madrid" 2 1 1 2 3 13521.2 0 5890.1
13 28 "Madrid" 2 3 1 1 1 5295.2 33.98 2966.6
13 28 "Madrid" 1 2 1 2 1 12761.8 34.67 2966.6
13 28 "Madrid" 2 1 1 2 3 15022.4 0 2966.6
13 28 "Madrid" 1 4 1 1 3 12771.2 0 6643.1
13 28 "Madrid" 2 4 1 1 3 4092.9 0 6643.1
13 28 "Madrid" 2 2 1 2 1 21175.9 30.11 6643.1
13 28 "Madrid" 2 3 1 3 2 17563.8 0 1197.4
13 28 "Madrid" 1 4 1 1 3 10213.8 0 2589.5
13 28 "Madrid" 2 4 1 1 3 7181.6 0 2589.5
13 28 "Madrid" 1 2 1 2 3 23560.7 0 2589.5
13 28 "Madrid" 1 4 1 1 3 1613.1 0 3700.9
13 28 "Madrid" 2 4 1 1 3 12109.7 0 3700.9
13 28 "Madrid" 2 2 1 2 3 1438.5 0 3700.9
13 28 "Madrid" 2 2 1 3 1 19492 31.33 2503.7
13 28 "Madrid" 1 2 1 1 1 22373.7 39.14 2503.7
13 28 "Madrid" 2 4 1 1 3 9474.1 0 1699
13 28 "Madrid" 2 3 1 3 1 15646 33.01 1769.7
13 28 "Madrid" 1 2 1 2 1 10912.8 38.31 1769.7
13 28 "Madrid" 2 3 1 2 1 22067.8 35.65 1242.8
13 28 "Madrid" 2 1 1 2 1 10150.6 28.17 1242.8
13 28 "Madrid" 2 2 1 3 1 24342.5 37.05 5135.9
13 28 "Madrid" 1 2 1 3 1 13807 34.05 5135.9
13 28 "Madrid" 1 3 1 1 1 12171.3 36.07 11264.3
13 28 "Madrid" 2 3 1 1 3 18139.8 0 11264.3
13 28 "Madrid" 2 2 1 2 3 4770 0 11264.3
13 28 "Madrid" 1 1 2 2 1 11012.9 41.58 11264.3
13 28 "Madrid" 2 1 2 2 3 5936.7 0 11264.3
13 28 "Madrid" 2 2 1 2 3 7376.3 0 4187.2
13 28 "Madrid" 1 2 1 2 1 5537.5 34.97 4187.2
13 28 "Madrid" 2 4 1 1 3 5392.3 0 1717.9
13 28 "Madrid" 1 3 1 3 3 12293.5 0 2100.5
13 28 "Madrid" 2 3 1 3 3 7292 0 1088.5
13 28 "Madrid" 1 3 1 3 1 18738 36.17 1088.5
13 28 "Madrid" 2 4 1 3 3 18390.7 0 3219.5
13 28 "Madrid" 2 2 1 3 3 6457.9 0 1076.3
13 28 "Madrid" 1 2 1 2 1 13409.2 38.09 1076.3
13 28 "Madrid" 1 3 1 2 3 10862.9 0 4390.2
13 28 "Madrid" 2 3 1 2 3 11681.7 0 4390.2
13 28 "Madrid" 2 2 1 1 3 9913.5 0 4390.2
13 28 "Madrid" 1 2 1 3 1 10556.1 33.21 4390.2
13 28 "Madrid" 1 4 1 2 3 11505.5 0 5200.5
13 28 "Madrid" 1 4 1 2 3 14917.8 0 4051.8
13 28 "Madrid" 2 3 1 2 3 4348.5 0 4051.8
13 28 "Madrid" 2 2 1 3 3 7669.2 0 4051.8
13 28 "Madrid" 2 2 1 3 1 7139.8 35.12 4051.8
13 28 "Madrid" 2 4 2 1 3 4850.1 0 4490.3
13 28 "Madrid" 1 2 1 3 1 16720 33.06 1380.5
13 28 "Madrid" 2 2 1 3 1 17616.3 33.42 1380.5
13 28 "Madrid" 1 2 1 2 1 28802.9 32.95 1507.7
13 28 "Madrid" 1 3 1 3 1 15758.8 32.95 3390.7
13 28 "Madrid" 1 2 1 3 1 41877.9 30.62 2007.4
13 28 "Madrid" 2 2 1 2 1 11565.1 32.14 2007.4
13 28 "Madrid" 1 4 1 1 3 6096.5 0 3088
13 28 "Madrid" 2 2 1 2 3 7379.2 0 6997.1
13 28 "Madrid" 1 2 1 2 1 6144.5 29.8 6997.1
13 28 "Madrid" 2 2 1 2 3 5928.9 0 1845.9
13 28 "Madrid" 1 2 1 3 1 5745.2 36.32 1845.9
13 28 "Madrid" 1 4 1 1 3 5985.4 0 5739.8
13 28 "Madrid" 2 4 1 1 3 7644.4 0 5739.8
13 28 "Madrid" 2 2 1 2 2 18714.9 0 5739.8
13 28 "Madrid" 1 3 1 2 1 16816.2 36.91 4200.8
13 28 "Madrid" 2 2 1 3 1 11672.9 31.84 4200.8
13 28 "Madrid" 1 4 1 1 3 4490 0 4838.1
13 28 "Madrid" 2 4 1 1 3 5084.2 0 4838.1
13 28 "Madrid" 1 2 1 3 1 16399.6 33.55 6428.5
13 28 "Madrid" 2 2 1 3 1 22965.9 35.81 6428.5
13 28 "Madrid" 1 4 1 3 3 7754.4 0 3118.7
13 28 "Madrid" 1 2 1 2 1 9160.7 31.48 6047.2
13 28 "Madrid" 2 2 1 3 1 21022.4 34.17 6047.2
13 28 "Madrid" 1 3 1 2 1 17523.3 33.91 10900.3
13 28 "Madrid" 1 1 1 2 1 17195.3 34.42 10900.3
13 28 "Madrid" 1 4 1 1 3 29203.8 0 4391.9
13 28 "Madrid" 2 4 1 1 3 12742 0 4391.9
13 28 "Madrid" 1 2 1 2 3 15470.9 0 4391.9
13 28 "Madrid" 2 2 1 2 1 9580.9 34.54 1420.6
13 28 "Madrid" 1 2 1 2 1 10531.4 34.63 1420.6
13 28 "Madrid" 2 2 1 3 1 23730.4 35.55 1367.5
13 28 "Madrid" 1 2 1 3 1 22510.2 32.17 1367.5
13 28 "Madrid" 2 4 1 1 3 15430.3 0 1699
13 28 "Madrid" 1 3 1 3 1 8252.1 30.67 2029.9
13 28 "Madrid" 2 2 1 3 1 13777.8 35.02 2029.9
13 28 "Madrid" 2 1 1 2 3 6300.2 0 2029.9
13 28 "Madrid" 2 1 1 2 3 9136.4 0 2029.9
13 28 "Madrid" 1 4 1 2 3 14684.1 0 3776.1
13 28 "Madrid" 2 4 1 2 3 6642.5 0 3776.1
13 28 "Madrid" 1 2 1 3 1 6064.8 33.16 5228.3
13 28 "Madrid" 2 2 1 3 1 13067.5 40.11 5228.3
13 28 "Madrid" 2 1 1 3 2 19736 0 5228.3
13 28 "Madrid" 2 4 1 1 3 6654.4 0 4973.6
13 28 "Madrid" 1 4 1 2 3 19945.6 0 4973.6
13 28 "Madrid" 1 2 1 3 1 14093.8 31.42 1145.6
13 28 "Madrid" 2 2 1 2 3 4884.7 0 1145.6
13 28 "Madrid" 1 2 1 2 1 8937 37.17 3532.5
13 28 "Madrid" 1 1 1 2 3 14779.8 0 3532.5
13 28 "Madrid" 1 2 1 3 1 19648.4 33.52 3119.3
13 28 "Madrid" 2 2 1 3 1 38369.5 34.03 3119.3
13 28 "Madrid" 1 4 1 1 3 18433.1 0 6261.1
13 28 "Madrid" 2 4 1 1 3 5677.4 0 6261.1
13 28 "Madrid" 1 3 2 2 1 4220.6 36.36 1488.5
13 28 "Madrid" 2 3 1 3 3 10121 0 1488.5
13 28 "Madrid" 1 3 1 1 1 9490.6 35.76 1918.7
13 28 "Madrid" 2 3 1 1 1 4468.2 31.81 1918.7
13 28 "Madrid" 2 1 1 1 3 1166.4 0 1918.7
13 28 "Madrid" 2 3 1 2 3 23093.2 0 2950.9
13 28 "Madrid" 1 3 1 2 3 9781.7 0 2950.9
13 28 "Madrid" 1 2 1 2 1 9354.9 31.15 2296.3
13 28 "Madrid" 2 2 1 2 3 5370.3 0 2296.3
13 28 "Madrid" 2 2 1 2 2 15301.1 0 1006.2
13 28 "Madrid" 1 2 1 2 1 10936.1 36.69 1006.2
13 28 "Madrid" 1 4 1 2 3 6722.7 0 1302.1
13 28 "Madrid" 2 3 1 2 1 10647.9 33.62 1213.4
13 28 "Madrid" 1 1 1 2 1 12141.1 32.53 1213.4
13 28 "Madrid" 1 4 1 1 3 14198.4 0 4252
13 28 "Madrid" 2 4 1 1 3 7578.7 0 4252
13 28 "Madrid" 1 2 1 2 1 22031.4 37.96 4252
13 28 "Madrid" 1 4 1 2 3 11253.5 0 3041.8
13 28 "Madrid" 2 4 1 2 3 16326.4 0 3041.8
13 28 "Madrid" 1 2 1 2 1 21925 29.41 8549.6
13 28 "Madrid" 2 2 1 2 3 12471.5 0 8549.6
13 28 "Madrid" 1 2 2 2 1 7019.8 33.42 5767
13 28 "Madrid" 2 2 2 2 1 20841.3 33 5767
13 28 "Madrid" 2 3 1 3 1 21870.1 31.86 1474.6
13 28 "Madrid" 1 3 1 3 1 24020.9 30.59 1474.6
13 28 "Madrid" 2 2 1 2 2 6617 0 1678.7
13 28 "Madrid" 1 2 1 1 1 26904.9 30.73 1678.7
13 28 "Madrid" 2 4 1 1 3 5412.9 0 1657.2
13 28 "Madrid" 1 3 1 2 3 22751 0 423.4
13 28 "Madrid" 2 2 1 1 1 21599.3 30.48 339.9
13 28 "Madrid" 1 3 1 2 3 8394.7 0 2955.2
13 28 "Madrid" 2 3 1 1 3 14713 0 2955.2
13 28 "Madrid" 2 2 1 3 1 23390.1 29.35 731.9
13 28 "Madrid" 2 4 1 1 3 15395.3 0 3021.7
13 28 "Madrid" 1 4 1 1 3 4266.8 0 3021.7
13 28 "Madrid" 1 2 1 2 1 12273.3 34.78 3021.7
13 28 "Madrid" 2 3 1 1 3 9794.7 0 914.4
13 28 "Madrid" 1 3 1 1 1 17028.6 31.96 914.4
13 28 "Madrid" 2 3 1 2 1 6446.6 37.52 3448.3
13 28 "Madrid" 1 4 1 1 3 8673.6 0 3448.3
13 28 "Madrid" 2 3 1 1 3 7379.6 0 468.9
13 28 "Madrid" 2 4 1 2 3 8383.7 0 3742.7
13 28 "Madrid" 1 3 1 2 3 13115.3 0 3742.7
13 28 "Madrid" 1 3 1 2 1 15786.2 34.64 2759
13 28 "Madrid" 2 2 1 1 3 13616.8 0 2759
13 28 "Madrid" 2 1 1 2 2 11291.8 0 2759
13 28 "Madrid" 2 2 1 2 1 11875.6 35.48 1839.4
13 28 "Madrid" 1 2 1 2 1 6802.4 35.07 1839.4
13 28 "Madrid" 2 4 1 1 3 10314.5 0 2313.4
13 28 "Madrid" 1 4 1 1 3 7150.8 0 1234.9
13 28 "Madrid" 2 4 1 1 3 7678.6 0 1234.9
13 28 "Madrid" 2 4 1 1 3 5788.6 0 2055.9
13 28 "Madrid" 1 4 1 1 3 5852.5 0 2055.9
13 28 "Madrid" 1 2 1 1 1 17545.6 38.97 2055.9
13 28 "Madrid" 2 4 1 1 3 5058 0 1684.7
13 28 "Madrid" 2 2 1 2 3 3383.5 0 2382.2
13 28 "Madrid" 1 2 1 2 1 42250.9 36.32 2382.2
13 28 "Madrid" 1 4 1 1 3 9115.6 0 1245.1
13 28 "Madrid" 2 4 1 1 3 4162.7 0 1245.1
13 28 "Madrid" 1 4 1 1 3 8731.9 0 769.8
13 28 "Madrid" 2 3 1 1 1 6847.5 35.34 769.8
13 28 "Madrid" 1 2 1 1 1 15903.9 31.84 2655.9
13 28 "Madrid" 2 2 1 1 1 990.2 37.38 2655.9
13 28 "Madrid" 2 1 1 2 3 3519.3 0 2655.9
13 28 "Madrid" 2 2 1 1 1 15332 29.45 1329
13 28 "Madrid" 1 2 1 2 1 2381.1 35.17 1329
13 28 "Madrid" 2 1 1 2 3 8967 0 1329
13 28 "Madrid" 1 1 1 1 1 37331.6 38.32 1329
13 28 "Madrid" 1 2 1 2 1 13649.7 34.09 3624.1
13 28 "Madrid" 2 2 1 2 1 8518 31.4 3624.1
13 28 "Madrid" 2 2 1 2 3 13574.3 0 841.9
13 28 "Madrid" 2 2 1 3 1 16640.1 30.23 1970.9
13 28 "Madrid" 1 2 1 2 1 20962.7 25.52 1970.9
13 28 "Madrid" 1 2 1 3 1 15305.6 32.77 552.6
13 28 "Madrid" 2 2 1 3 1 31374.9 33.39 552.6
13 28 "Madrid" 1 1 1 2 1 11332 35.11 552.6
13 28 "Madrid" 1 3 1 2 3 15028.9 0 865.7
13 28 "Madrid" 2 3 1 2 3 10798.4 0 865.7
13 28 "Madrid" 2 2 1 3 3 9289.8 0 888
13 28 "Madrid" 1 2 1 3 1 8804.5 38.55 888
13 28 "Madrid" 1 2 2 3 1 13829.7 34.38 974.1
13 28 "Madrid" 2 2 1 2 1 22476.1 36.36 974.1
13 28 "Madrid" 1 2 2 2 1 13049.7 35.06 1608.8
13 28 "Madrid" 2 2 2 2 3 20334.1 0 1608.8
13 28 "Madrid" 2 3 2 2 1 15623.5 30.89 1608.8
13 28 "Madrid" 2 2 1 3 1 15090.5 39.09 3893.7
13 28 "Madrid" 1 2 1 2 1 14798.2 33.88 3893.7
13 28 "Madrid" 1 3 1 2 1 9364.3 32.91 1445.6
13 28 "Madrid" 2 3 1 3 3 16446.5 0 1445.6
13 28 "Madrid" 1 3 1 2 3 17981.8 0 401.2
13 28 "Madrid" 1 3 1 2 1 9862.7 33.82 1660.6
13 28 "Madrid" 2 2 1 2 1 5022.3 33.72 1660.6
13 28 "Madrid" 2 1 1 3 3 11599.2 0 1660.6
13 28 "Madrid" 1 4 1 1 3 3666.3 0 1743.6
13 28 "Madrid" 2 4 1 1 3 11449.7 0 1743.6
13 28 "Madrid" 1 3 1 1 3 8676 0 681.4
13 28 "Madrid" 2 3 1 1 3 9600.1 0 681.4
13 28 "Madrid" 1 3 1 1 3 17680.7 0 1324
13 28 "Madrid" 2 3 1 1 3 7682.4 0 1324
13 28 "Madrid" 1 3 1 1 1 10333.7 37.25 1592.9
13 28 "Madrid" 2 3 1 1 3 5040.6 0 1592.9
13 28 "Madrid" 1 1 1 2 1 9935.7 33.98 1592.9
13 28 "Madrid" 2 4 1 1 3 13201.4 0 3301.9
13 28 "Madrid" 2 1 1 2 1 10699 34.19 3506.8
13 28 "Madrid" 2 3 1 1 3 9755.7 0 3506.8
13 28 "Madrid" 1 3 1 1 1 13767.4 33.41 3506.8
13 28 "Madrid" 2 2 1 2 1 18501.8 33.17 3506.8
13 28 "Madrid" 2 2 1 2 3 16899.1 0 1950.9
13 28 "Madrid" 1 2 1 2 1 12442 33.98 1950.9
13 28 "Madrid" 2 1 1 2 2 10686.2 0 1950.9
13 28 "Madrid" 1 2 1 3 1 16313.1 33.55 3480.8
13 28 "Madrid" 2 4 1 1 3 13821.8 0 3480.8
13 28 "Madrid" 2 2 1 2 3 5782 0 3045
13 28 "Madrid" 1 3 1 2 1 14571.2 37.37 3045
13 28 "Madrid" 2 1 1 2 3 25570.1 0 3045
13 28 "Madrid" 2 2 1 2 1 12484.8 34.15 3070.3
13 28 "Madrid" 2 2 1 3 1 18083.1 31.85 3070.3
13 28 "Madrid" 2 2 1 2 1 17434 35.73 2587.7
13 28 "Madrid" 1 1 1 2 1 16833.4 32.98 2587.7
13 28 "Madrid" 1 2 1 1 1 8234.1 39.34 3811.5
13 28 "Madrid" 2 2 1 2 3 5919.5 0 3811.5
13 28 "Madrid" 1 1 1 2 1 9684.3 28.28 3811.5
13 28 "Madrid" 2 1 1 2 3 12436.6 0 3811.5
13 28 "Madrid" 2 2 1 1 3 17946.8 0 1018.2
13 28 "Madrid" 1 2 1 1 1 11393 32.69 1018.2
13 28 "Madrid" 1 1 1 2 1 32504.1 34.21 1018.2
13 28 "Madrid" 1 2 1 2 1 15400 33.86 2821.3
13 28 "Madrid" 2 2 1 2 3 25336.5 0 2821.3
13 28 "Madrid" 1 2 2 3 1 12059.4 31.81 1840.3
13 28 "Madrid" 2 2 2 1 1 15094.5 38.3 1840.3
13 28 "Madrid" 2 1 2 2 3 10677.3 0 1840.3
13 28 "Madrid" 1 2 1 2 1 8426.5 35.21 1962.9
13 28 "Madrid" 2 2 1 3 1 18689.2 36.71 1962.9
13 28 "Madrid" 2 2 1 3 1 12743.4 31.04 1594.4
13 28 "Madrid" 2 3 1 3 1 20925.9 32.96 260
13 28 "Madrid" 1 3 1 2 3 9781.6 0 776.9
13 28 "Madrid" 2 3 1 2 3 11906.1 0 776.9
13 28 "Madrid" 2 2 1 2 2 3293.3 0 2487.3
13 28 "Madrid" 2 2 1 2 1 12274.3 34.77 2487.3
13 28 "Madrid" 1 2 1 1 1 11772.9 38.3 2487.3
13 28 "Madrid" 1 3 1 1 1 10320 35.81 1557.8
13 28 "Madrid" 2 3 1 1 1 12303.8 34.74 1557.8
13 28 "Madrid" 1 3 1 2 1 10548.5 30 3173.5
13 28 "Madrid" 2 3 1 2 3 7009.7 0 3173.5
13 28 "Madrid" 2 2 1 2 1 10484.8 33.14 2829.9
13 28 "Madrid" 1 2 1 2 1 18788.3 33.66 2829.9
13 28 "Madrid" 2 1 1 2 3 3569.3 0 2829.9
13 28 "Madrid" 2 1 1 2 1 15078.6 32.9 2829.9
13 28 "Madrid" 2 4 1 1 3 17237.6 0 2332.2
13 28 "Madrid" 1 3 1 1 1 6526 36.08 2910.8
13 28 "Madrid" 2 2 1 2 3 9964.4 0 2910.8
13 28 "Madrid" 1 1 2 2 1 14609.7 35.89 2910.8
13 28 "Madrid" 1 1 1 2 3 14303.4 0 2910.8
13 28 "Madrid" 2 1 1 2 3 10999.8 0 2910.8
13 28 "Madrid" 2 2 1 2 1 9535.4 34.82 1854.3
13 28 "Madrid" 1 2 1 2 1 5978 36.4 1854.3
13 28 "Madrid" 1 4 1 1 3 8050.2 0 2504.3
13 28 "Madrid" 2 3 1 1 3 1456.7 0 2504.3
13 28 "Madrid" 1 2 1 2 1 6204.6 30.11 2504.3
13 28 "Madrid" 2 2 1 2 3 5292.2 0 1854.3
13 28 "Madrid" 1 2 1 2 1 8402 38.07 1854.3
13 28 "Madrid" 2 2 1 2 1 3060 32.86 1888.5
13 28 "Madrid" 1 4 1 1 3 15877.1 0 1888.5
13 28 "Madrid" 2 4 1 1 3 31133.4 0 1888.5
13 28 "Madrid" 2 4 1 1 3 2175.6 0 2359.5
13 28 "Madrid" 2 2 1 2 1 7624.8 27.49 2198
13 28 "Madrid" 2 3 1 1 3 13409.4 0 676.5
13 28 "Madrid" 2 3 1 1 1 8822.3 29.97 649.4
13 28 "Madrid" 1 3 1 1 1 10289.4 37.22 649.4
13 28 "Madrid" 1 4 1 1 3 8826.1 0 1888.5
13 28 "Madrid" 2 4 1 1 3 14688.8 0 1888.5
13 28 "Madrid" 2 2 1 1 1 8866.7 34.67 1888.5
13 28 "Madrid" 2 2 1 2 1 16461 32.11 941.6
13 28 "Madrid" 2 3 1 1 3 4384.6 0 1088.3
13 28 "Madrid" 1 2 1 2 1 15579.4 32.4 1088.3
13 28 "Madrid" 2 3 1 1 3 10951.8 0 3963.1
13 28 "Madrid" 1 3 1 1 3 5686.5 0 3963.1
13 28 "Madrid" 2 2 1 2 3 9874 0 3963.1
13 28 "Madrid" 2 2 1 2 1 14638.7 31.61 3963.1
13 28 "Madrid" 2 3 1 1 3 9481.4 0 653.9
13 28 "Madrid" 2 4 1 1 3 7543 0 1785.6
13 28 "Madrid" 1 4 1 1 3 3060.5 0 1785.6
13 28 "Madrid" 2 2 1 2 1 11950.6 36.9 1785.6
13 28 "Madrid" 2 2 1 3 1 41383 39.99 6515.2
13 28 "Madrid" 1 2 1 3 1 14882.6 32.27 6515.2
13 28 "Madrid" 2 2 1 3 1 30132 31.69 2072.5
13 28 "Madrid" 2 3 1 3 1 27315.8 33.74 1333.4
13 28 "Madrid" 1 4 1 2 3 26082.7 0 1333.4
13 28 "Madrid" 2 4 2 1 3 8934.1 0 1333.4
13 28 "Madrid" 1 2 2 2 1 20170.3 30.36 1893.4
13 28 "Madrid" 2 2 1 2 2 4501.4 0 2849.3
13 28 "Madrid" 1 2 1 2 1 15509.8 33.71 2849.3
13 28 "Madrid" 1 3 2 3 1 11606.5 35.24 2299
13 28 "Madrid" 2 2 2 3 1 14021.7 32.23 2299
13 28 "Madrid" 2 2 1 3 1 19335.1 40.27 1268.7
13 28 "Madrid" 1 2 1 2 1 22287.2 33.07 958.5
13 28 "Madrid" 2 2 1 2 1 22195.5 36.39 958.5
13 28 "Madrid" 1 1 1 2 3 10390.7 0 958.5
13 28 "Madrid" 2 2 1 3 1 33049.1 35.03 2906.3
13 28 "Madrid" 1 2 1 3 1 21706.5 39.04 2906.3
13 28 "Madrid" 1 2 2 2 1 14469.1 34.17 1690.9
13 28 "Madrid" 2 2 2 2 3 9974.7 0 1690.9
13 28 "Madrid" 1 3 1 3 1 26122.4 29.05 2228.6
13 28 "Madrid" 2 3 1 3 1 21173.6 30.59 2228.6
13 28 "Madrid" 2 1 1 2 3 17453.5 0 2228.6
13 28 "Madrid" 2 3 1 2 1 9338 32.77 1080.2
13 28 "Madrid" 2 2 1 3 1 18188 35.43 3605.5
13 28 "Madrid" 2 3 1 2 3 7717.7 0 2010.2
13 28 "Madrid" 1 4 1 1 3 8672.5 0 2010.2
13 28 "Madrid" 2 4 2 1 3 9748.5 0 2010.2
13 28 "Madrid" 2 4 2 2 3 2345.5 0 2267.5
13 28 "Madrid" 1 3 2 3 1 13361.6 31.01 2225.2
13 28 "Madrid" 2 3 1 2 3 22216 0 2225.2
13 28 "Madrid" 1 2 2 3 1 23319.4 31.54 2225.2
13 28 "Madrid" 2 1 2 3 1 29471.7 33.82 2225.2
13 28 "Madrid" 1 3 1 3 2 14299 0 3360.8
13 28 "Madrid" 2 2 1 3 1 23398.3 35.48 3360.8
13 28 "Madrid" 1 1 1 2 3 11570.6 0 3360.8
13 28 "Madrid" 2 4 1 2 3 17551.5 0 3240.1
13 28 "Madrid" 2 2 1 3 1 18168.3 33.77 3240.1
13 28 "Madrid" 1 2 2 3 1 15591.3 32.25 3240.1
13 28 "Madrid" 2 3 1 2 3 21486.6 0 1160.7
13 28 "Madrid" 2 3 1 2 3 14571.8 0 1514.6
13 28 "Madrid" 1 3 1 3 3 21277.2 0 1514.6
13 28 "Madrid" 1 4 2 3 3 11672.8 0 1596.9
13 28 "Madrid" 2 4 1 1 3 4157.1 0 1596.9
13 28 "Madrid" 1 2 1 3 1 29149.8 36.8 2200.6
13 28 "Madrid" 2 2 1 3 1 24790.7 27.95 2200.6
13 28 "Madrid" 2 4 1 1 3 7807 0 1610.9
13 28 "Madrid" 2 4 2 2 3 8572.9 0 1610.9
13 28 "Madrid" 1 2 2 3 1 8540.4 35.59 1640.3
13 28 "Madrid" 2 2 2 3 1 36062 37.57 1640.3
13 28 "Madrid" 2 2 1 2 1 23076.2 36.28 379.4
13 28 "Madrid" 1 1 1 2 3 8488.7 0 379.4
13 28 "Madrid" 2 2 1 2 1 3804.5 31.82 1016.9
13 28 "Madrid" 2 4 1 2 3 8675.7 0 1663.2
13 28 "Madrid" 2 2 1 2 1 15123.7 30.3 1718
13 28 "Madrid" 1 2 1 2 1 7958.4 35.23 1718
13 28 "Madrid" 1 2 1 3 1 21586.9 37.75 1815.9
13 28 "Madrid" 2 2 1 3 1 8237.6 35.89 1815.9
13 28 "Madrid" 2 3 1 3 1 24072.3 35.64 1097.4
13 28 "Madrid" 1 1 1 3 3 7512 0 4883.8
13 28 "Madrid" 1 1 1 3 3 17498.8 0 4883.8
13 28 "Madrid" 1 1 1 3 3 13925.5 0 4883.8
13 28 "Madrid" 2 3 1 1 1 4100.6 37.59 3965
13 28 "Madrid" 1 4 1 1 3 9263 0 3965
13 28 "Madrid" 1 2 1 2 1 9199.2 36 3965
13 28 "Madrid" 2 2 1 2 3 4165.4 0 3965
13 28 "Madrid" 2 3 1 3 3 22983.5 0 6391.8
13 28 "Madrid" 1 2 1 3 3 10743.7 0 6391.8
13 28 "Madrid" 1 2 1 3 3 26531.2 0 6391.8
13 28 "Madrid" 2 3 1 2 1 14828.5 33.82 620
13 28 "Madrid" 1 2 1 3 1 9379.6 34.01 5751.5
13 28 "Madrid" 2 4 1 1 3 10542.1 0 2056.8
13 28 "Madrid" 2 2 1 3 1 15055.1 31.18 797.6
13 28 "Madrid" 1 2 1 3 3 21737.5 0 797.6
13 28 "Madrid" 1 1 1 2 3 12748.1 0 797.6
13 28 "Madrid" 2 3 1 3 1 17468.1 37.69 4155.8
13 28 "Madrid" 2 2 1 2 1 30664.3 32.72 2980.9
13 28 "Madrid" 1 3 1 3 1 21638.3 38.06 2980.9
13 28 "Madrid" 2 2 1 3 1 15886.4 35.07 2980.9
13 28 "Madrid" 1 1 1 3 3 10263.2 0 2980.9
13 28 "Madrid" 2 2 1 2 1 1358.8 30.3 797.6
13 28 "Madrid" 1 2 1 2 1 10612.4 36.48 797.6
13 28 "Madrid" 1 1 1 2 3 7534.1 0 797.6
13 28 "Madrid" 2 4 1 1 3 7074.7 0 2144.4
13 28 "Madrid" 2 2 1 3 1 14115.3 28.97 2144.4
13 28 "Madrid" 2 2 1 2 1 14955.5 30.04 1189.5
13 28 "Madrid" 1 2 1 3 1 29493.7 35.31 1189.5
13 28 "Madrid" 1 1 1 2 3 5357.5 0 1189.5
13 28 "Madrid" 1 4 1 3 3 18967.3 0 1443
13 28 "Madrid" 2 4 1 1 3 19009.9 0 1443
13 28 "Madrid" 1 3 1 3 1 33263.6 36.07 1982.1
13 28 "Madrid" 1 1 1 2 3 23135.2 0 1982.1
13 28 "Madrid" 2 3 1 1 2 11274.1 0 1982.1
13 28 "Madrid" 2 4 1 1 3 9681.4 0 1982.1
13 28 "Madrid" 2 4 1 2 3 10241.5 0 1682.1
13 28 "Madrid" 2 4 1 1 3 27604.1 0 1682.1
13 28 "Madrid" 2 2 1 2 1 5156 34.56 6019.6
13 28 "Madrid" 1 2 1 2 1 12533.3 34.76 6019.6
13 28 "Madrid" 2 3 1 1 3 7064.2 0 2310.2
13 28 "Madrid" 1 3 1 1 1 10998.8 31.89 2310.2
13 28 "Madrid" 2 4 1 1 3 12695.8 0 2310.2
13 28 "Madrid" 1 4 1 1 3 15348.3 0 2310.2
13 28 "Madrid" 2 4 1 1 3 18772.8 0 1567.7
13 28 "Madrid" 1 2 1 3 1 9800.8 32.97 2882.4
13 28 "Madrid" 1 3 1 1 3 6277.3 0 2882.4
13 28 "Madrid" 2 3 1 1 3 8382 0 2882.4
13 28 "Madrid" 1 4 1 1 3 7338 0 521.5
13 28 "Madrid" 1 2 1 2 1 25365.1 32.1 2783.1
13 28 "Madrid" 2 2 1 2 2 11821.5 0 2783.1
13 28 "Madrid" 2 4 1 1 3 4125.4 0 1567.7
13 28 "Madrid" 1 2 1 2 1 10178 36.28 2180.5
13 28 "Madrid" 2 2 1 3 1 2324.7 31.3 2180.5
13 28 "Madrid" 2 3 1 2 3 16813.7 0 603.2
13 28 "Madrid" 1 3 2 2 1 6265.9 39.63 603.2
13 28 "Madrid" 1 4 2 1 3 12937.8 0 1322.3
13 28 "Madrid" 2 2 2 1 3 7373.6 0 1322.3
13 28 "Madrid" 1 4 1 2 3 14336 0 531
13 28 "Madrid" 1 2 1 3 1 20213.1 33.85 1811.4
13 28 "Madrid" 2 2 1 2 3 7586.7 0 1811.4
13 28 "Madrid" 2 4 1 1 3 17755.3 0 2191.9
13 28 "Madrid" 1 4 1 1 3 10285.5 0 1543.7
13 28 "Madrid" 2 4 1 1 3 12105.9 0 1543.7
13 28 "Madrid" 1 4 1 2 3 3804 0 1453.6
13 28 "Madrid" 2 4 1 1 3 10895.7 0 1453.6
13 28 "Madrid" 1 4 1 1 3 16117.5 0 563.7
13 28 "Madrid" 1 2 1 3 1 7622.8 35.36 2786.5
13 28 "Madrid" 2 2 1 2 1 6257.3 40.77 2786.5
13 28 "Madrid" 2 1 1 2 1 3463.4 34.67 2786.5
13 28 "Madrid" 2 1 1 2 3 9725 0 2786.5
13 28 "Madrid" 1 4 1 1 3 13011.1 0 1551.7
13 28 "Madrid" 2 2 1 2 1 13483.9 36.64 1551.7
13 28 "Madrid" 2 3 1 2 3 12714.3 0 1551.7
13 28 "Madrid" 1 4 1 1 3 5562.2 0 563.7
13 28 "Madrid" 2 1 1 3 3 16419.9 0 1308.7
13 28 "Madrid" 1 3 1 1 1 8271.4 36.11 1308.7
13 28 "Madrid" 2 3 1 2 3 16770.3 0 1308.7
13 28 "Madrid" 2 4 1 3 3 12452.2 0 2326.9
13 28 "Madrid" 1 3 1 2 1 11381.9 38.23 1428.2
13 28 "Madrid" 2 3 1 2 3 27438.4 0 1428.2
13 28 "Madrid" 1 1 1 3 3 14730.1 0 1428.2
13 28 "Madrid" 2 2 1 2 1 2973.1 38.25 1868.3
13 28 "Madrid" 2 4 1 1 3 17269.7 0 1868.3
13 28 "Madrid" 2 3 1 2 3 12839.1 0 891.5
13 28 "Madrid" 1 3 1 2 1 5919.2 31.51 891.5
13 28 "Madrid" 2 4 1 2 3 18836.8 0 1184.9
13 28 "Madrid" 1 4 1 2 3 8238.5 0 1184.9
13 28 "Madrid" 2 2 1 3 1 7791.2 34.44 1520.9
13 28 "Madrid" 1 2 1 3 1 11891.9 37.97 1520.9
13 28 "Madrid" 2 3 2 2 3 12608.7 0 638.8
13 28 "Madrid" 2 4 2 1 3 4867.7 0 1339.1
13 28 "Madrid" 1 4 2 1 3 9450.6 0 1339.1
13 28 "Madrid" 1 2 1 2 1 13465.8 34.8 8187.3
13 28 "Madrid" 1 2 1 2 1 3323 35.67 1674.5
13 28 "Madrid" 2 2 1 2 3 5314 0 1674.5
13 28 "Madrid" 2 4 1 1 3 9252.6 0 2072.1
13 28 "Madrid" 1 4 1 1 3 3064.8 0 2072.1
13 28 "Madrid" 2 2 1 2 1 9446.8 39.75 2072.1
13 28 "Madrid" 2 4 1 1 3 2503.7 0 1181.3
13 28 "Madrid" 2 1 1 2 1 11721.6 37.18 3457.6
13 28 "Madrid" 2 2 1 3 1 34566.1 30.05 2500.5
13 28 "Madrid" 2 2 1 3 1 8154.9 33.02 2500.5
13 28 "Madrid" 2 2 1 2 1 3747.4 32.6 2500.5
13 28 "Madrid" 1 3 1 2 1 30758.5 31.81 3620.5
13 28 "Madrid" 1 3 1 2 3 4278.7 0 1004.5
13 28 "Madrid" 2 3 1 1 3 14603.1 0 1004.5
13 28 "Madrid" 1 2 2 2 1 9027 38.41 1193.5
13 28 "Madrid" 1 3 1 3 1 23438.9 30.58 6239.3
13 28 "Madrid" 2 2 1 2 1 12134.7 35.83 6239.3
13 28 "Madrid" 1 2 1 3 1 38278 30.42 6239.3
13 28 "Madrid" 2 3 1 2 1 25826.6 37.73 389.2
13 28 "Madrid" 1 1 1 2 1 8499.2 39.57 389.2
13 28 "Madrid" 1 2 1 2 1 19094.6 33.01 2766.5
13 28 "Madrid" 2 2 1 1 3 6513.2 0 2766.5
13 28 "Madrid" 2 1 1 2 3 14315.2 0 2766.5
13 28 "Madrid" 2 1 1 3 3 26607.2 0 2766.5
13 28 "Madrid" 2 3 1 2 1 10158.3 34.72 2342.7
13 28 "Madrid" 2 4 1 1 3 7317.7 0 2342.7
13 28 "Madrid" 1 4 1 1 3 22908.5 0 1424.3
13 28 "Madrid" 2 4 1 1 3 10177.7 0 1424.3
13 28 "Madrid" 1 4 1 1 3 22450 0 1217
13 28 "Madrid" 2 4 1 1 3 5790.5 0 1217
13 28 "Madrid" 2 3 1 1 3 7603 0 1823.2
13 28 "Madrid" 2 2 1 2 1 18071.1 36.9 1823.2
13 28 "Madrid" 1 2 1 2 1 12709 31.83 1823.2
13 28 "Madrid" 1 4 1 2 3 13343.5 0 1217
13 28 "Madrid" 2 4 1 1 3 4456.5 0 1217
13 28 "Madrid" 1 2 1 3 1 25673.1 31.98 1841.3
13 28 "Madrid" 2 2 1 1 1 9498.6 32.96 1841.3
13 28 "Madrid" 1 2 1 2 1 7644.6 36.08 2281.9
13 28 "Madrid" 2 2 1 2 1 4827.6 31.33 2281.9
13 28 "Madrid" 1 1 1 2 1 2505.1 37.07 1747.1
13 28 "Madrid" 2 1 1 2 1 4578 31.8 1747.1
13 28 "Madrid" 1 2 1 2 1 32936.1 35.77 2303.4
13 28 "Madrid" 2 2 1 3 1 17660.4 38.29 2303.4
13 28 "Madrid" 2 4 1 1 3 19223.1 0 2255.4
13 28 "Madrid" 2 2 1 3 1 13568.7 34.62 1023.7
13 28 "Madrid" 2 2 1 2 3 5754.1 0 1033.8
13 28 "Madrid" 1 2 1 2 1 12617.1 33.78 1033.8
13 28 "Madrid" 1 1 1 2 1 3362.9 32.13 1033.8
13 28 "Madrid" 1 2 1 3 1 38724.2 33.46 1585.9
13 28 "Madrid" 2 2 1 2 1 7492.9 35.29 1585.9
13 28 "Madrid" 1 4 1 1 3 9578.7 0 1316.7
13 28 "Madrid" 2 4 1 1 3 9981.7 0 1316.7
13 28 "Madrid" 2 4 1 1 3 1514 0 1316.7
13 28 "Madrid" 1 4 1 1 3 5963.1 0 1316.7
13 28 "Madrid" 1 2 1 3 1 10384.7 26.95 1806.6
13 28 "Madrid" 2 2 1 3 1 18731.9 35.95 1806.6
13 28 "Madrid" 1 3 1 1 1 5229.8 32.62 994.4
13 28 "Madrid" 2 3 1 1 3 6197 0 994.4
13 28 "Madrid" 1 2 1 1 1 4596.2 37.04 2613.1
13 28 "Madrid" 2 2 1 2 1 6367.3 33.87 2613.1
13 28 "Madrid" 2 4 1 1 3 2849 0 2204.6
13 28 "Madrid" 2 3 1 3 1 9968.4 34.67 1059.3
13 28 "Madrid" 1 2 1 2 1 15587 35.34 2251.5
13 28 "Madrid" 2 2 1 2 1 15151.2 27.85 2251.5
13 28 "Madrid" 1 2 1 1 1 3601.7 41.92 3444.5
13 28 "Madrid" 2 1 1 2 1 5179.9 34.89 3444.5
13 28 "Madrid" 1 2 1 2 1 7706.4 34.75 6278.7
13 28 "Madrid" 1 2 1 2 1 10848.9 34.54 6278.7
13 28 "Madrid" 2 2 2 3 2 14083.7 0 6278.7
13 28 "Madrid" 1 2 2 2 1 17265.9 31.98 6278.7
13 28 "Madrid" 2 3 1 2 1 21886 34.17 3004.5
13 28 "Madrid" 1 3 1 1 1 37315.6 30.27 3004.5
13 28 "Madrid" 1 2 1 3 1 20444.3 30.64 3004.5
13 28 "Madrid" 1 2 1 3 1 6694.2 33.34 1823.5
13 28 "Madrid" 2 3 1 2 1 20150.4 33.24 2534.3
13 28 "Madrid" 2 2 1 2 1 9383.2 35.01 2534.3
13 28 "Madrid" 2 1 1 2 1 27980.9 36.71 2534.3
13 28 "Madrid" 2 1 1 2 3 16990.5 0 2534.3
13 28 "Madrid" 1 3 1 1 1 23060 28.76 3004.5
13 28 "Madrid" 2 3 1 1 3 6007.2 0 3004.5
13 28 "Madrid" 1 2 1 2 1 7661.4 36.58 3004.5
13 28 "Madrid" 2 3 1 3 1 24681.1 29.08 3223.7
13 28 "Madrid" 1 4 1 3 3 10667.2 0 3223.7
13 28 "Madrid" 2 4 1 3 3 8839.6 0 3223.7
13 28 "Madrid" 1 2 1 3 1 10839.7 34.1 1686.4
13 28 "Madrid" 2 2 1 3 1 8195.6 33.98 1686.4
13 28 "Madrid" 2 2 1 3 1 10599.3 31.84 1395.6
13 28 "Madrid" 2 1 1 2 3 8759.2 0 1395.6
13 28 "Madrid" 1 4 1 3 3 23017 0 935.5
13 28 "Madrid" 2 3 1 3 1 17811.9 35.4 935.5
13 28 "Madrid" 1 2 1 3 1 10360 32.72 1918.7
13 28 "Madrid" 2 2 1 3 1 8516.1 29.35 1918.7
13 28 "Madrid" 2 2 1 2 1 5486.8 34.07 2788.7
13 28 "Madrid" 1 2 1 2 1 1170.8 32.07 2788.7
13 28 "Madrid" 1 4 1 1 3 22364.1 0 1669
13 28 "Madrid" 2 4 1 1 3 9422.6 0 1669
13 28 "Madrid" 1 4 1 1 3 4367.1 0 574.1
13 28 "Madrid" 1 4 2 1 3 7248.4 0 1484
13 28 "Madrid" 2 4 2 1 3 3579.5 0 1484
13 28 "Madrid" 2 1 1 2 1 14519.5 35.15 1484
13 28 "Madrid" 2 2 1 2 1 10121.3 29.94 2808.9
13 28 "Madrid" 1 2 1 2 1 3369.7 33.34 2808.9
13 28 "Madrid" 1 4 1 1 3 11710.1 0 574.1
13 28 "Madrid" 1 4 1 1 3 10223.5 0 2529
13 28 "Madrid" 2 4 1 1 3 10205.1 0 2529
13 28 "Madrid" 1 2 1 1 1 18285.5 34.55 2529
13 28 "Madrid" 2 2 1 2 1 5648.3 30.61 1827.1
13 28 "Madrid" 1 2 1 1 1 10019.9 32.07 1827.1
13 28 "Madrid" 1 2 1 3 1 28967.4 33.09 1867.4
13 28 "Madrid" 1 2 1 2 1 7737.5 32.76 1827.1
13 28 "Madrid" 2 2 1 2 1 11480.4 36.58 1827.1
13 28 "Madrid" 1 2 1 2 1 13381.5 36.17 1895
13 28 "Madrid" 2 2 1 2 1 8561.9 42.68 1895
13 28 "Madrid" 2 2 1 2 3 16009.1 0 1727
13 28 "Madrid" 1 2 1 3 1 6121.2 34.99 1727
13 28 "Madrid" 1 2 1 3 1 9989.1 33.67 1895
13 28 "Madrid" 2 2 1 2 3 13323.9 0 1895
13 28 "Madrid" 1 3 1 3 3 11021.3 0 1021.9
13 28 "Madrid" 2 3 1 2 3 7299.8 0 1021.9
13 28 "Madrid" 1 2 1 3 1 36137.7 35.37 2002.6
13 28 "Madrid" 2 2 1 3 1 29823.1 32.06 2002.6
13 28 "Madrid" 2 2 1 2 2 22218.2 0 3567.8
13 28 "Madrid" 2 2 1 1 3 20695.6 0 3567.8
13 28 "Madrid" 1 1 1 1 3 7766.8 0 3567.8
13 28 "Madrid" 1 4 1 1 3 3335.8 0 1585.6
13 28 "Madrid" 2 4 1 1 3 7366.3 0 1585.6
13 28 "Madrid" 2 2 1 3 1 24506 32.52 1002.5
13 28 "Madrid" 2 2 1 3 1 13034.7 31.76 1790.1
13 28 "Madrid" 1 2 2 2 1 8427.7 39.93 1790.1
13 28 "Madrid" 1 2 2 2 1 10623.3 37.02 1542.6
13 28 "Madrid" 2 2 1 2 1 30235.3 41.86 1542.6
13 28 "Madrid" 2 2 1 3 1 26818.4 33.76 1583.1
13 28 "Madrid" 1 2 1 2 1 18675.6 38.06 1583.1
13 28 "Madrid" 1 2 1 2 3 19406.4 0 3446.8
13 28 "Madrid" 2 4 1 1 3 7324.4 0 3446.8
13 28 "Madrid" 1 3 1 2 1 6902.8 34.93 998.5
13 28 "Madrid" 2 3 1 2 1 10520 33.37 998.5
13 28 "Madrid" 2 2 1 2 1 14510.1 34.63 553.7
13 28 "Madrid" 1 1 1 1 2 12587.2 0 553.7
13 28 "Madrid" 2 4 1 1 3 7160.9 0 1601.9
13 28 "Madrid" 2 3 1 1 3 11126 0 334.1
13 28 "Madrid" 2 3 1 2 1 19136.5 30.2 2008.6
13 28 "Madrid" 2 2 1 1 1 4586.3 26.84 2008.6
13 28 "Madrid" 2 2 1 2 1 11685.7 34.7 2008.6
13 28 "Madrid" 2 2 1 2 2 7956.7 0 1770.6
13 28 "Madrid" 1 4 1 1 3 6286 0 1770.6
13 28 "Madrid" 2 4 2 1 3 17118.8 0 1770.6
13 28 "Madrid" 1 4 1 1 3 21659.6 0 725.9
13 28 "Madrid" 2 3 2 1 3 17174.7 0 725.9
13 28 "Madrid" 1 4 2 1 3 31501.1 0 554.9
13 28 "Madrid" 1 2 2 2 1 19120.9 33.54 2192.1
13 28 "Madrid" 2 2 1 2 3 27691.3 0 2192.1
13 28 "Madrid" 2 3 1 1 3 13109.1 0 2192.1
13 28 "Madrid" 1 4 1 1 3 5732.4 0 1372
13 28 "Madrid" 2 4 1 1 3 1775.7 0 1372
13 28 "Madrid" 2 2 1 3 3 10004.9 0 6383.6
13 28 "Madrid" 1 2 1 2 1 21092.4 31.93 6383.6
13 28 "Madrid" 1 4 1 1 3 5406.8 0 422.5
13 28 "Madrid" 2 4 1 1 3 7927.1 0 2282.9
13 28 "Madrid" 1 2 1 3 1 17984.8 36.21 2237.1
13 28 "Madrid" 2 2 1 3 1 24858.2 35.56 2237.1
13 28 "Madrid" 2 1 2 2 3 8060.2 0 2237.1
13 28 "Madrid" 2 2 2 1 2 5223.7 0 1853
13 28 "Madrid" 1 2 1 2 1 14171.1 33.82 1853
13 28 "Madrid" 2 1 2 2 1 20655.9 34.88 1853
13 28 "Madrid" 1 2 1 2 1 45665.5 35.9 3667.1
13 28 "Madrid" 2 2 2 3 3 17734 0 3667.1
13 28 "Madrid" 1 3 2 2 1 5510.5 30.35 3921.5
13 28 "Madrid" 2 3 2 2 3 23456.6 0 3921.5
13 28 "Madrid" 1 2 2 3 1 11426.4 31.37 3921.5
13 28 "Madrid" 1 3 1 1 3 14443.3 0 1188
13 28 "Madrid" 2 2 1 2 3 -966.3 0 1835.7
13 28 "Madrid" 2 3 1 2 3 10992.1 0 234.9
13 28 "Madrid" 1 1 1 2 1 10319.5 33.35 234.9
13 28 "Madrid" 1 1 1 2 1 13310.5 36.31 234.9
13 28 "Madrid" 1 2 1 2 1 7365.9 39.93 1498.5
13 28 "Madrid" 2 2 1 2 3 12931.8 0 1498.5
13 28 "Madrid" 1 2 1 2 1 14328.7 32.47 1370.7
13 28 "Madrid" 2 2 1 2 1 11263 31.99 1370.7
13 28 "Madrid" 2 2 2 2 3 14248.3 0 2023.9
13 28 "Madrid" 1 2 1 2 1 4564.8 36.98 2023.9
13 28 "Madrid" 2 1 1 2 1 7718.6 32.89 2023.9
13 28 "Madrid" 1 3 1 1 3 5966.8 0 764.7
13 28 "Madrid" 2 3 2 1 3 14949.8 0 764.7
13 28 "Madrid" 2 3 2 1 3 8052.3 0 2863.8
13 28 "Madrid" 2 2 1 3 1 22516.5 33.93 2863.8
13 28 "Madrid" 1 2 1 2 1 12915.5 37.9 2863.8
13 28 "Madrid" 1 1 1 2 1 6554.6 30.59 2863.8
13 28 "Madrid" 2 3 1 1 1 16855.2 33.68 463.6
13 28 "Madrid" 1 3 1 1 1 7742.1 35.22 463.6
13 28 "Madrid" 2 4 1 1 3 11799.5 0 1106.6
13 28 "Madrid" 1 4 1 1 3 12079.9 0 1106.6
13 28 "Madrid" 1 2 1 1 1 5472.5 36.36 921.4
13 28 "Madrid" 2 2 1 1 3 1864.8 0 921.4
13 28 "Madrid" 1 1 1 2 2 5117.2 0 921.4
13 28 "Madrid" 1 4 1 1 1 8187.5 31.43 518.5
13 28 "Madrid" 2 3 1 1 1 2449.1 35.66 518.5
13 28 "Madrid" 2 3 1 1 3 12167.7 0 887.5
13 28 "Madrid" 1 1 1 2 1 6262.8 33.27 887.5
13 28 "Madrid" 2 1 1 2 1 13592.6 38.28 887.5
13 28 "Madrid" 1 2 1 1 1 9707.7 38.55 887.5
13 28 "Madrid" 1 2 1 1 1 6760.5 29.81 1792.2
13 28 "Madrid" 2 2 1 1 1 1234.6 36.01 1792.2
13 28 "Madrid" 2 1 1 2 1 7481.5 33.41 1792.2
13 28 "Madrid" 1 3 1 2 1 13626.9 35.79 1462
13 28 "Madrid" 2 3 1 1 3 8282.4 0 1462
13 28 "Madrid" 2 2 1 3 1 22245.9 34.37 1462
13 28 "Madrid" 1 4 1 1 3 16939.5 0 1106.6
13 28 "Madrid" 2 4 1 1 3 2654.3 0 1106.6
13 28 "Madrid" 1 2 1 2 1 4856.6 32.63 4393.5
13 28 "Madrid" 2 2 1 3 1 19627.9 33.14 4393.5
13 28 "Madrid" 1 3 1 3 1 24949.8 33.58 1914.5
13 28 "Madrid" 2 2 1 2 1 13214 33.09 1914.5
13 28 "Madrid" 2 2 1 1 1 10539.8 31.29 1914.5
13 28 "Madrid" 2 3 1 1 1 6759.8 34.37 1681.4
13 28 "Madrid" 1 3 1 2 1 22397.9 37.19 1681.4
13 28 "Madrid" 1 2 1 2 2 17602.1 0 1681.4
13 28 "Madrid" 1 1 1 2 3 3624.7 0 1681.4
13 28 "Madrid" 2 4 1 1 3 6650.3 0 1239.9
13 28 "Madrid" 1 4 1 1 3 11702.6 0 1239.9
13 28 "Madrid" 1 2 1 2 3 10178.2 0 1239.9
13 28 "Madrid" 1 3 1 3 3 27917.6 0 931.9
13 28 "Madrid" 2 3 1 2 3 11851.5 0 931.9
13 28 "Madrid" 1 2 1 3 1 9203.9 38.05 1133.8
13 28 "Madrid" 1 3 1 2 3 7304.9 0 746.1
13 28 "Madrid" 2 3 1 2 3 21293.1 0 746.1
13 28 "Madrid" 1 3 1 2 1 18845.9 40.76 1108.1
13 28 "Madrid" 2 3 1 2 1 7010.5 26.35 1108.1
13 28 "Madrid" 1 2 1 3 1 39750.7 34.65 1108.1
13 28 "Madrid" 2 3 1 3 3 29563.9 0 2105.9
13 28 "Madrid" 1 3 1 3 1 19597.4 30.59 2105.9
13 28 "Madrid" 2 1 1 3 1 58854.9 34.21 2105.9
13 28 "Madrid" 2 1 1 3 3 11255.9 0 2105.9
13 28 "Madrid" 2 1 1 2 3 9424.7 0 2105.9
13 28 "Madrid" 1 1 1 2 1 11685.6 39.5 1936.7
13 28 "Madrid" 1 3 1 3 1 17252.8 34.68 1937.4
13 28 "Madrid" 2 2 1 3 1 13924.9 37.91 1937.4
13 28 "Madrid" 2 1 1 2 2 7739.3 0 1937.4
13 28 "Madrid" 2 1 1 2 3 7732.3 0 1937.4
13 28 "Madrid" 1 3 1 3 1 13307.7 31.94 2152.5
13 28 "Madrid" 2 2 1 3 1 39236.5 33.11 2152.5
13 28 "Madrid" 2 1 1 3 2 4807.7 0 2152.5
13 28 "Madrid" 2 1 1 2 3 13146.1 0 2152.5
13 28 "Madrid" 2 3 1 3 3 8943.9 0 1982.8
13 28 "Madrid" 1 3 1 3 1 17318.3 33.99 1982.8
13 28 "Madrid" 1 2 2 3 1 15936.8 33.79 1982.8
13 28 "Madrid" 1 3 1 1 3 17488.4 0 729
13 28 "Madrid" 2 3 1 2 3 40433.1 0 729
13 28 "Madrid" 1 3 1 3 3 19135.2 0 729
13 28 "Madrid" 2 3 1 3 1 54881.5 37.84 729
13 28 "Madrid" 1 2 1 3 1 9348.5 29.74 1207
13 28 "Madrid" 2 2 1 3 1 12632.7 27.26 1207
13 28 "Madrid" 2 2 2 3 1 19436.8 32.69 2275
13 28 "Madrid" 1 3 1 3 1 22752.3 34.73 2275
13 28 "Madrid" 2 1 1 3 1 22242 38.23 2275
13 28 "Madrid" 2 1 1 2 3 8421.7 0 2275
13 28 "Madrid" 1 3 1 2 1 9556.1 31.58 2684.7
13 28 "Madrid" 2 2 1 2 1 19113.4 31.16 2684.7
13 28 "Madrid" 1 1 1 3 3 40756.6 0 2684.7
13 28 "Madrid" 2 1 1 2 3 7524.1 0 2684.7
13 28 "Madrid" 1 3 1 2 1 31123.1 36.98 342.4
13 28 "Madrid" 2 3 1 2 1 15552.9 34.27 342.4
13 28 "Madrid" 1 1 1 2 3 13918.6 0 342.4
13 28 "Madrid" 1 3 1 2 1 10340.1 28.57 728
13 28 "Madrid" 2 2 1 2 1 7514.7 33.81 728
13 28 "Madrid" 1 2 1 2 1 14836.7 30.5 2963.5
13 28 "Madrid" 2 2 1 2 1 21081.6 37.73 2963.5
13 28 "Madrid" 1 1 1 2 1 17405.4 37.09 2963.5
13 28 "Madrid" 1 1 1 2 3 8574.3 0 2963.5
13 28 "Madrid" 2 3 1 2 1 11527.3 39.01 1875
13 28 "Madrid" 2 1 1 3 1 23319.5 35.28 1875
13 28 "Madrid" 2 4 1 2 3 1659.1 0 1875
13 28 "Madrid" 1 2 1 3 1 21229.7 37.77 5816.3
13 28 "Madrid" 2 2 1 3 1 19746.4 34.39 5816.3
13 28 "Madrid" 1 4 1 1 3 2611.6 0 1110.3
13 28 "Madrid" 2 4 1 1 3 3540.8 0 1110.3
13 28 "Madrid" 1 2 1 2 1 22918.7 35.67 2069.2
13 28 "Madrid" 2 2 1 2 2 10285.9 0 2069.2
13 28 "Madrid" 1 4 1 2 3 5937 0 4164
13 28 "Madrid" 2 3 1 2 3 7323.9 0 4164
13 28 "Madrid" 1 4 1 1 3 7942 0 4164
13 28 "Madrid" 2 2 1 2 1 5770.2 34.44 4164
13 28 "Madrid" 2 2 1 2 1 15561.4 34.42 4164
13 28 "Madrid" 1 2 1 2 1 12649.7 33.77 4164
13 28 "Madrid" 1 4 1 1 3 7944.1 0 503.9
13 28 "Madrid" 2 2 1 2 1 2554.8 32.64 2718.5
13 28 "Madrid" 1 2 1 2 1 22125.7 33.05 2718.5
13 28 "Madrid" 1 1 1 2 2 7162.1 0 2718.5
13 28 "Madrid" 1 2 1 2 3 21054.5 0 2751.1
13 28 "Madrid" 2 2 1 2 1 7615.5 37.24 2751.1
13 28 "Madrid" 2 4 1 1 3 8570.7 0 2271.4
13 28 "Madrid" 2 2 1 2 3 4477.3 0 1599.3
13 28 "Madrid" 1 2 1 2 1 6272.2 35.64 1599.3
13 28 "Madrid" 1 2 1 3 1 19007.3 35.86 1599.3
13 28 "Madrid" 2 2 1 3 1 17490.9 33.39 1599.3
13 28 "Madrid" 1 2 1 3 1 13978.2 38.01 3122
13 28 "Madrid" 2 2 1 3 1 19861.6 33.91 3122
13 28 "Madrid" 1 3 1 3 1 14431.8 31.8 3816.2
13 28 "Madrid" 2 2 1 3 3 35019.3 0 3816.2
13 28 "Madrid" 1 1 1 3 3 12069 0 3816.2
13 28 "Madrid" 1 1 1 2 3 11538.2 0 3816.2
13 28 "Madrid" 2 3 1 3 1 13063.2 36.15 626.6
13 28 "Madrid" 1 3 1 1 3 11002.5 0 2755.1
13 28 "Madrid" 2 3 1 2 1 9877 35.67 2755.1
13 28 "Madrid" 1 2 1 3 1 9682.9 33.18 21776.1
13 28 "Madrid" 1 2 1 2 3 -51.1 0 21776.1
